00010000000000001000000000000111
00110000000000000000000000000010
01000000000000000000000000000010
00010001000000001000000000101011
00100000000010101010101010101010
00100000000011100000000000000000
00110001000000000000000000001011
01000001000000000000000000001011
00010010000000001000000000101011
00100000000010101010101010101010
00100000000011100000000000000000
00110010000000000000000000001011
01000010000000000000000000001011
00010000000000001000000000101011
00100000000010101010101010101010
00100000000011100000000000000000
00110000000000000000000000001011
01000000000000000000000000001011
00010001000000001000000000101011
00100000000010101010101010101010
00100000000011100000000000000000
00110001000000000000000000001011
01000001000000000000000000001011
00010010000000001000000000101011
00100000000010101010101010101010
00100000000011100000000000000000
00110010000000000000000000001011
01000010000000000000000000001011
00010000000000001000000000101011
00100000000010101010101010101010
00100000000011100000000000000000
00110000000000000000000000001011
01000000000000000000000000001011
00010001000000001000000000101011
00100000000010101010101010101010
00100000000011100000000000000000
00110001000000000000000000001011
01000001000000000000000000001011
00010010000000001000000000101011
00100000000010101010101010101010
00100000000011100000000000000000
00110010000000000000000000001011
01000010000000000000000000001011
00010000000000001000000000011111
00100000000011101010101010100000
00110000000000000000000000001000
01000000000000000000000000001000
00010001000000001000000000010111
00100000000011101010101000000000
00110001000000000000000000000110
01000001000000000000000000000110
00010010000000001000000000101011
00100000000010101010101010101010
00100000000011100000000000000000
00110010000000000000000000001011
01000010000000000000000000001011
00010000000000001000000000101011
00100000000010101010101010101010
00100000000011100000000000000000
00110000000000000000000000001011
01000000000000000000000000001011
00010001000000001000000000101011
00100000000010101010101010101010
00100000000011100000000000000000
00110001000000000000000000001011
01000001000000000000000000001011
00010010000000001000000000101011
00100000000010101010101010101010
00100000000011100000000000000000
00110010000000000000000000001011
01000010000000000000000000001011
00010000000000001000000000001011
00100000000011101000000000000000
00110000000000000000000000000011
01000000000000000000000000000011
00010001000000001000000000101011
00100000000010101010101010101010
00100000000011100000000000000000
00110001000000000000000000001011
01000001000000000000000000001011
00010010000000001000000000101011
00100000000010101010101010101010
00100000000011100000000000000000
00110010000000000000000000001011
01000010000000000000000000001011
00010000000000001000000000101011
00100000000010101010101010101010
00100000000011100000000000000000
00110000000000000000000000001011
01000000000000000000000000001011
00010001000000001000000000101011
00100000000010101010101010101010
00100000000011100000000000000000
00110001000000000000000000001011
01000001000000000000000000001011
00010010000000001000000000001111
00100000000011101010000000000000
00110010000000000000000000000100
01000010000000000000000000000100
00010000000000001000000000101011
00100000000010101010101010101010
00100000000011100000000000000000
00110000000000000000000000001011
01000000000000000000000000001011
00010001000000001000000000101011
00100000000010101010101010101010
00100000000011100000000000000000
00110001000000000000000000001011
01000001000000000000000000001011
00010010000000001000000000010111
00100000000011101010101000000000
00110010000000000000000000000110
01000010000000000000000000000110
00010000000000001000000000101011
00100000000010101010101010101010
00100000000011100000000000000000
00110000000000000000000000001011
01000000000000000000000000001011
00010001000000001000000000101011
00100000000010101010101010101010
00100000000011100000000000000000
00110001000000000000000000001011
01000001000000000000000000001011
00010010000000001000000000101011
00100000000010101010101010101010
00100000000011100000000000000000
00110010000000000000000000001011
01000010000000000000000000001011
00010000000000001000000000101011
00100000000010101010101010101010
00100000000011100000000000000000
00110000000000000000000000001011
01000000000000000000000000001011
00010001000000001000000000100011
00100000000011101010101010101000
00110001000000000000000000001001
01000001000000000000000000001001
00010010000000001000000000010011
00100000000011101010100000000000
00110010000000000000000000000101
01000010000000000000000000000101
00010000000000001000000000101011
00100000000010101010101010101010
00100000000011100000000000000000
00110000000000000000000000001011
01000000000000000000000000001011
00010001000000001000000000010011
00100000000011101010100000000000
00110001000000000000000000000101
01000001000000000000000000000101
00010010000000001000000000101011
00100000000010101010101010101010
00100000000011100000000000000000
00110010000000000000000000001011
01000010000000000000000000001011
00010000000000001000000000101011
00100000000010101010101010101010
00100000000011100000000000000000
00110000000000000000000000001011
01000000000000000000000000001011
00010001000000001000000000001111
00100000000011101010000000000000
00110001000000000000000000000100
01000001000000000000000000000100
00010010000000001000000000101011
00100000000010101010101010101010
00100000000011100000000000000000
00110010000000000000000000001011
01000010000000000000000000001011
00010000000000001000000000001111
00100000000011101010000000000000
00110000000000000000000000000100
01000000000000000000000000000100
00010001000000001000000000010111
00100000000011101010101000000000
00110001000000000000000000000110
01000001000000000000000000000110
00010010000000001000000000101011
00100000000010101010101010101010
00100000000011100000000000000000
00110010000000000000000000001011
01000010000000000000000000001011
00010000000000001000000000101011
00100000000010101010101010101010
00100000000011100000000000000000
00110000000000000000000000001011
01000000000000000000000000001011
00010001000000001000000000101011
00100000000010101010101010101010
00100000000011100000000000000000
00110001000000000000000000001011
01000001000000000000000000001011
00010010000000001000000000101011
00100000000010101010101010101010
00100000000011100000000000000000
00110010000000000000000000001011
01000010000000000000000000001011
00010000000000001000000000010111
00100000000011101010101000000000
00110000000000000000000000000110
01000000000000000000000000000110
00010001000000001000000000010111
00100000000011101010101000000000
00110001000000000000000000000110
01000001000000000000000000000110
00010010000000001000000000000111
00110010000000000000000000000010
01000010000000000000000000000010
00010000000000001000000000101011
00100000000010101010101010101010
00100000000011100000000000000000
00110000000000000000000000001011
01000000000000000000000000001011
00010001000000001000000000101011
00100000000010101010101010101010
00100000000011100000000000000000
00110001000000000000000000001011
01000001000000000000000000001011
00010010000000001000000000101011
00100000000010101010101010101010
00100000000011100000000000000000
00110010000000000000000000001011
01000010000000000000000000001011
00010000000000001000000000001111
00100000000011101010000000000000
00110000000000000000000000000100
01000000000000000000000000000100
00010001000000001000000000001011
00100000000011101000000000000000
00110001000000000000000000000011
01000001000000000000000000000011
00010010000000001000000000010011
00100000000011101010100000000000
00110010000000000000000000000101
01000010000000000000000000000101
00010000000000001000000000011011
00100000000011101010101010000000
00110000000000000000000000000111
01000000000000000000000000000111
00010001000000001000000000010111
00100000000011101010101000000000
00110001000000000000000000000110
01000001000000000000000000000110
00010010000000001000000000101011
00100000000010101010101010101010
00100000000011100000000000000000
00110010000000000000000000001011
01000010000000000000000000001011
00010000000000001000000000101011
00100000000010101010101010101010
00100000000011100000000000000000
00110000000000000000000000001011
01000000000000000000000000001011
00010001000000001000000000100011
00100000000011101010101010101000
00110001000000000000000000001001
01000001000000000000000000001001
00010010000000001000000000100011
00100000000011101010101010101000
00110010000000000000000000001001
01000010000000000000000000001001
00010000000000001000000000101011
00100000000010101010101010101010
00100000000011100000000000000000
00110000000000000000000000001011
01000000000000000000000000001011
00010001000000001000000000010111
00100000000011101010101000000000
00110001000000000000000000000110
01000001000000000000000000000110
00010010000000001000000000101011
00100000000010101010101010101010
00100000000011100000000000000000
00110010000000000000000000001011
01000010000000000000000000001011
00010000000000001000000000011111
00100000000011101010101010100000
00110000000000000000000000001000
01000000000000000000000000001000
00010001000000001000000000101011
00100000000010101010101010101010
00100000000011100000000000000000
00110001000000000000000000001011
01000001000000000000000000001011
00010010000000001000000000101011
00100000000010101010101010101010
00100000000011100000000000000000
00110010000000000000000000001011
01000010000000000000000000001011
00010000000000001000000000101011
00100000000010101010101010101010
00100000000011100000000000000000
00110000000000000000000000001011
01000000000000000000000000001011
00010001000000001000000000101011
00100000000010101010101010101010
00100000000011100000000000000000
00110001000000000000000000001011
01000001000000000000000000001011
00010010000000001000000000101011
00100000000010101010101010101010
00100000000011100000000000000000
00110010000000000000000000001011
01000010000000000000000000001011
00010000000000001000000000101011
00100000000010101010101010101010
00100000000011100000000000000000
00110000000000000000000000001011
01000000000000000000000000001011
00010001000000001000000000101011
00100000000010101010101010101010
00100000000011100000000000000000
00110001000000000000000000001011
01000001000000000000000000001011
00010010000000001000000000101011
00100000000010101010101010101010
00100000000011100000000000000000
00110010000000000000000000001011
01000010000000000000000000001011
00010000000000001000000000101011
00100000000010101010101010101010
00100000000011100000000000000000
00110000000000000000000000001011
01000000000000000000000000001011
00010001000000001000000000101011
00100000000010101010101010101010
00100000000011100000000000000000
00110001000000000000000000001011
01000001000000000000000000001011
00010010000000001000000000101011
00100000000010101010101010101010
00100000000011100000000000000000
00110010000000000000000000001011
01000010000000000000000000001011
00010000000000001000000000101011
00100000000010101010101010101010
00100000000011100000000000000000
00110000000000000000000000001011
01000000000000000000000000001011
00010001000000001000000000001111
00100000000011101010000000000000
00110001000000000000000000000100
01000001000000000000000000000100
00010010000000001000000000100011
00100000000011101010101010101000
00110010000000000000000000001001
01000010000000000000000000001001
00010000000000001000000000101011
00100000000010101010101010101010
00100000000011100000000000000000
00110000000000000000000000001011
01000000000000000000000000001011
00010001000000001000000000101011
00100000000010101010101010101010
00100000000011100000000000000000
00110001000000000000000000001011
01000001000000000000000000001011
00010010000000001000000000101011
00100000000010101010101010101010
00100000000011100000000000000000
00110010000000000000000000001011
01000010000000000000000000001011
00010000000000001000000000001111
00100000000011101010000000000000
00110000000000000000000000000100
01000000000000000000000000000100
00010001000000001000000000101011
00100000000010101010101010101010
00100000000011100000000000000000
00110001000000000000000000001011
01000001000000000000000000001011
00010010000000001000000000011011
00100000000011101010101010000000
00110010000000000000000000000111
01000010000000000000000000000111
00010000000000001000000000101011
00100000000010101010101010101010
00100000000011100000000000000000
00110000000000000000000000001011
01000000000000000000000000001011
00010001000000001000000000101011
00100000000010101010101010101010
00100000000011100000000000000000
00110001000000000000000000001011
01000001000000000000000000001011
00010010000000001000000000001111
00100000000011101010000000000000
00110010000000000000000000000100
01000010000000000000000000000100
00010000000000001000000000101011
00100000000010101010101010101010
00100000000011100000000000000000
00110000000000000000000000001011
01000000000000000000000000001011
00010001000000001000000000001111
00100000000011101010000000000000
00110001000000000000000000000100
01000001000000000000000000000100
00010010000000001000000000101011
00100000000010101010101010101010
00100000000011100000000000000000
00110010000000000000000000001011
01000010000000000000000000001011
00010000000000001000000000001111
00100000000011101010000000000000
00110000000000000000000000000100
01000000000000000000000000000100
00010001000000001000000000101011
00100000000010101010101010101010
00100000000011100000000000000000
00110001000000000000000000001011
01000001000000000000000000001011
00010010000000001000000000101011
00100000000010101010101010101010
00100000000011100000000000000000
00110010000000000000000000001011
01000010000000000000000000001011
00010000000000001000000000000111
00110000000000000000000000000010
01000000000000000000000000000010
00010001000000001000000000001111
00100000000011101010000000000000
00110001000000000000000000000100
01000001000000000000000000000100
00010010000000001000000000001111
00100000000011101010000000000000
00110010000000000000000000000100
01000010000000000000000000000100
00010000000000001000000000101011
00100000000010101010101010101010
00100000000011100000000000000000
00110000000000000000000000001011
01000000000000000000000000001011
00010001000000001000000000010111
00100000000011101010101000000000
00110001000000000000000000000110
01000001000000000000000000000110
00010010000000001000000000000111
00110010000000000000000000000010
01000010000000000000000000000010
00010000000000001000000000101011
00100000000010101010101010101010
00100000000011100000000000000000
00110000000000000000000000001011
01000000000000000000000000001011
00010001000000001000000000101011
00100000000010101010101010101010
00100000000011100000000000000000
00110001000000000000000000001011
01000001000000000000000000001011
00010010000000001000000000010011
00100000000011101010100000000000
00110010000000000000000000000101
01000010000000000000000000000101
00010000000000001000000000001011
00100000000011101000000000000000
00110000000000000000000000000011
01000000000000000000000000000011
00010001000000001000000000100111
00100000000011101010101010101010
00110001000000000000000000001010
01000001000000000000000000001010
00010010000000001000000000100111
00100000000011101010101010101010
00110010000000000000000000001010
01000010000000000000000000001010
00010000000000001000000000100111
00100000000011101010101010101010
00110000000000000000000000001010
01000000000000000000000000001010
00010001000000001000000000001111
00100000000011101010000000000000
00110001000000000000000000000100
01000001000000000000000000000100
00010010000000001000000000100111
00100000000011101010101010101010
00110010000000000000000000001010
01000010000000000000000000001010
00010000000000001000000000100111
00100000000011101010101010101010
00110000000000000000000000001010
01000000000000000000000000001010
00010001000000001000000000000111
00110001000000000000000000000010
01000001000000000000000000000010
00010010000000001000000000100111
00100000000011101010101010101010
00110010000000000000000000001010
01000010000000000000000000001010
00010000000000001000000000000111
00110000000000000000000000000010
01000000000000000000000000000010
00010001000000001000000000100111
00100000000011101010101010101010
00110001000000000000000000001010
01000001000000000000000000001010
00010010000000001000000000100111
00100000000011101010101010101010
00110010000000000000000000001010
01000010000000000000000000001010
00010000000000001000000000100111
00100000000011101010101010101010
00110000000000000000000000001010
01000000000000000000000000001010
00010001000000001000000000100111
00100000000011101010101010101010
00110001000000000000000000001010
01000001000000000000000000001010
00010010000000001000000000011011
00100000000011101010101010000000
00110010000000000000000000000111
01000010000000000000000000000111
00010000000000001000000000100011
00100000000011101010101010101000
00110000000000000000000000001001
01000000000000000000000000001001
00010001000000001000000000100011
00100000000011101010101010101000
00110001000000000000000000001001
01000001000000000000000000001001
00010010000000001000000000100011
00100000000011101010101010101000
00110010000000000000000000001001
01000010000000000000000000001001
00010000000000001000000000100011
00100000000011101010101010101000
00110000000000000000000000001001
01000000000000000000000000001001
00010001000000001000000000100011
00100000000011101010101010101000
00110001000000000000000000001001
01000001000000000000000000001001
00010010000000001000000000100011
00100000000011101010101010101000
00110010000000000000000000001001
01000010000000000000000000001001
00010000000000001000000000100011
00100000000011101010101010101000
00110000000000000000000000001001
01000000000000000000000000001001
00010001000000001000000000100011
00100000000011101010101010101000
00110001000000000000000000001001
01000001000000000000000000001001
00010010000000001000000000100011
00100000000011101010101010101000
00110010000000000000000000001001
01000010000000000000000000001001
00010000000000001000000000100011
00100000000011101010101010101000
00110000000000000000000000001001
01000000000000000000000000001001
00010001000000001000000000100011
00100000000011101010101010101000
00110001000000000000000000001001
01000001000000000000000000001001
00010010000000001000000000100011
00100000000011101010101010101000
00110010000000000000000000001001
01000010000000000000000000001001
00010000000000001000000000100011
00100000000011101010101010101000
00110000000000000000000000001001
01000000000000000000000000001001
00010001000000001000000000100011
00100000000011101010101010101000
00110001000000000000000000001001
01000001000000000000000000001001
00010010000000001000000000100011
00100000000011101010101010101000
00110010000000000000000000001001
01000010000000000000000000001001
00010000000000001000000000100011
00100000000011101010101010101000
00110000000000000000000000001001
01000000000000000000000000001001
00010001000000001000000000100011
00100000000011101010101010101000
00110001000000000000000000001001
01000001000000000000000000001001
00010010000000001000000000100011
00100000000011101010101010101000
00110010000000000000000000001001
01000010000000000000000000001001
00010000000000001000000000100011
00100000000011101010101010101000
00110000000000000000000000001001
01000000000000000000000000001001
00010001000000001000000000100011
00100000000011101010101010101000
00110001000000000000000000001001
01000001000000000000000000001001
00010010000000001000000000100011
00100000000011101010101010101000
00110010000000000000000000001001
01000010000000000000000000001001
00010000000000001000000000100011
00100000000011101010101010101000
00110000000000000000000000001001
01000000000000000000000000001001
00010001000000001000000000100011
00100000000011101010101010101000
00110001000000000000000000001001
01000001000000000000000000001001
00010010000000001000000000100011
00100000000011101010101010101000
00110010000000000000000000001001
01000010000000000000000000001001
00010000000000001000000000100011
00100000000011101010101010101000
00110000000000000000000000001001
01000000000000000000000000001001
00010001000000001000000000100011
00100000000011101010101010101000
00110001000000000000000000001001
01000001000000000000000000001001
00010010000000001000000000000111
00110010000000000000000000000010
01000010000000000000000000000010
00010000000000001000000000100011
00100000000011101010101010101000
00110000000000000000000000001001
01000000000000000000000000001001
00010001000000001000000000000111
00110001000000000000000000000010
01000001000000000000000000000010
00010010000000001000000000000111
00110010000000000000000000000010
01000010000000000000000000000010
00010000000000001000000000011111
00100000000011101010101010100000
00110000000000000000000000001000
01000000000000000000000000001000
00010001000000001000000000011111
00100000000011101010101010100000
00110001000000000000000000001000
01000001000000000000000000001000
00010010000000001000000000011111
00100000000011101010101010100000
00110010000000000000000000001000
01000010000000000000000000001000
00010000000000001000000000011111
00100000000011101010101010100000
00110000000000000000000000001000
01000000000000000000000000001000
00010001000000001000000000011111
00100000000011101010101010100000
00110001000000000000000000001000
01000001000000000000000000001000
00010010000000001000000000011111
00100000000011101010101010100000
00110010000000000000000000001000
01000010000000000000000000001000
00010000000000001000000000011111
00100000000011101010101010100000
00110000000000000000000000001000
01000000000000000000000000001000
00010001000000001000000000011111
00100000000011101010101010100000
00110001000000000000000000001000
01000001000000000000000000001000
00010010000000001000000000011111
00100000000011101010101010100000
00110010000000000000000000001000
01000010000000000000000000001000
00010000000000001000000000011111
00100000000011101010101010100000
00110000000000000000000000001000
01000000000000000000000000001000
00010001000000001000000000011011
00100000000011101010101010000000
00110001000000000000000000000111
01000001000000000000000000000111
00010010000000001000000000011011
00100000000011101010101010000000
00110010000000000000000000000111
01000010000000000000000000000111
00010000000000001000000000001011
00100000000011101000000000000000
00110000000000000000000000000011
01000000000000000000000000000011
00010001000000001000000000000111
00110001000000000000000000000010
01000001000000000000000000000010
00010010000000001000000000011011
00100000000011101010101010000000
00110010000000000000000000000111
01000010000000000000000000000111
00010000000000001000000000011011
00100000000011101010101010000000
00110000000000000000000000000111
01000000000000000000000000000111
00010001000000001000000000011011
00100000000011101010101010000000
00110001000000000000000000000111
01000001000000000000000000000111
00010010000000001000000000011011
00100000000011101010101010000000
00110010000000000000000000000111
01000010000000000000000000000111
00010000000000001000000000011011
00100000000011101010101010000000
00110000000000000000000000000111
01000000000000000000000000000111
00010001000000001000000000011011
00100000000011101010101010000000
00110001000000000000000000000111
01000001000000000000000000000111
00010010000000001000000000001011
00100000000011101000000000000000
00110010000000000000000000000011
01000010000000000000000000000011
00010000000000001000000000011011
00100000000011101010101010000000
00110000000000000000000000000111
01000000000000000000000000000111
00010001000000001000000000001111
00100000000011101010000000000000
00110001000000000000000000000100
01000001000000000000000000000100
00010010000000001000000000011011
00100000000011101010101010000000
00110010000000000000000000000111
01000010000000000000000000000111
00010000000000001000000000011011
00100000000011101010101010000000
00110000000000000000000000000111
01000000000000000000000000000111
00010001000000001000000000011011
00100000000011101010101010000000
00110001000000000000000000000111
01000001000000000000000000000111
00010010000000001000000000010111
00100000000011101010101000000000
00110010000000000000000000000110
01000010000000000000000000000110
00010000000000001000000000010111
00100000000011101010101000000000
00110000000000000000000000000110
01000000000000000000000000000110
00010001000000001000000000010111
00100000000011101010101000000000
00110001000000000000000000000110
01000001000000000000000000000110
00010010000000001000000000001011
00100000000011101000000000000000
00110010000000000000000000000011
01000010000000000000000000000011
00010000000000001000000000010011
00100000000011101010100000000000
00110000000000000000000000000101
01000000000000000000000000000101
00010001000000001000000000010011
00100000000011101010100000000000
00110001000000000000000000000101
01000001000000000000000000000101
00010010000000001000000000010011
00100000000011101010100000000000
00110010000000000000000000000101
01000010000000000000000000000101
00010000000000001000000000010011
00100000000011101010100000000000
00110000000000000000000000000101
01000000000000000000000000000101
00010001000000001000000000010011
00100000000011101010100000000000
00110001000000000000000000000101
01000001000000000000000000000101
00010010000000001000000000010011
00100000000011101010100000000000
00110010000000000000000000000101
01000010000000000000000000000101
00010000000000001000000000010011
00100000000011101010100000000000
00110000000000000000000000000101
01000000000000000000000000000101
00010001000000001000000000010011
00100000000011101010100000000000
00110001000000000000000000000101
01000001000000000000000000000101
00010010000000001000000000010011
00100000000011101010100000000000
00110010000000000000000000000101
01000010000000000000000000000101
00010000000000001000000000010011
00100000000011101010100000000000
00110000000000000000000000000101
01000000000000000000000000000101
00010001000000001000000000010011
00100000000011101010100000000000
00110001000000000000000000000101
01000001000000000000000000000101
00010010000000001000000000010011
00100000000011101010100000000000
00110010000000000000000000000101
01000010000000000000000000000101
00010000000000001000000000001111
00100000000011101010000000000000
00110000000000000000000000000100
01000000000000000000000000000100
00010001000000001000000000001111
00100000000011101010000000000000
00110001000000000000000000000100
01000001000000000000000000000100
00010010000000001000000000001111
00100000000011101010000000000000
00110010000000000000000000000100
01000010000000000000000000000100
00010000000000001000000000001011
00100000000011101000000000000000
00110000000000000000000000000011
01000000000000000000000000000011
