9 230 254
9 230 254
9 230 248
9 230 248
9 230 236
9 230 236
9
10 230 254
10 230 254
10 230 248
10 230 248
10 230 236
10 230 236
10
11 230 254
11 230 254
11 230 248
11 230 248
11 230 236
11 230 236
11
12 230 254
12 230 248
12 230 248
12 230 236
12 230 236
12
13 230 254
13 230 248
13 230 236
14 230 254
14 230 254
14 230 248
14 230 248
14 230 236
14 230 236
15 236 260
15 236 254
15 236 254
15 236 248
15 236 248
16 236 260
16 236 254
16 236 254
16 236 248
16 236 248
17 236 260
17 236 260
17 236 254
17 236 254
17 236 248
17 236 248
18 236 260
18 236 260
18 236 254
18 236 254
18 236 248
18 236 248
18
19 236 260
19 236 260
19 236 254
19 236 254
19 236 248
19 236 248
19
20 236 260
20 236 254
20 236 248
21 242 248
21 242 248
21 248 260
21 248 260
21 248 254
21 248 254
21
22 242 248
22 248 260
22 248 260
22 248 254
22 248 254
22
23 242 248
23 248 260
23 248 260
23 248 254
23
24 218 260
24 224 260
24 242 260
24 242 260
24
25 218 260
25 224 260
25 242 260
26 218 260
26 224 260
26 242 260
26 242 260
27 218 260
27 224 260
27 242 260
28 218 260
28 224 260
28 242 260
29 218 260
29 224 260
29 242 260
29 242 260
29
66 230 260
66 230 254
66 230 254
66 230 248
66 230 248
66 230 236
66 230 236
66
67 230 260
67 230 260
67 230 254
67 230 254
67 230 248
67 230 248
67 230 236
67 230 236
67
68 230 260
68 230 260
68 230 254
68 230 254
68 230 248
68 230 248
68 230 236
68 230 236
68
69 230 260
69 230 260
69 230 254
69 230 254
69 230 248
69 230 248
69 230 236
69 230 236
69
70 230 260
70 230 260
70 230 254
70 230 254
70 230 248
70 230 248
70 230 236
70 230 236
70
71 230 260
71 230 260
71 230 254
71 230 254
71 230 248
71 230 248
71 230 236
71 230 236
71
72 230 260
72 230 260
72 230 254
72 230 254
72 230 248
72 230 248
72 230 236
72 230 236
72
73 230 260
73 230 260
73 230 254
73 230 254
73 230 248
73 230 248
73 230 236
73 230 236
73
74 230 260
74 230 260
74 230 254
74 230 254
74 230 248
74 230 248
74 230 236
74 230 236
74
75 230 260
75 230 260
75 230 254
75 230 248
75 230 236
75 230 236
76 230 260
76 230 254
76 230 254
76 230 248
76 230 236
76 230 236
76
77 236 242
77 236 260
77 236 260
77 236 254
77 236 254
77 236 248
77 236 248
77
78 218 254
78 224 254
78 242 254
78 242 254
78 254 260
78 254 260
78
79 218 254
79 224 254
79 242 254
79 242 254
79 254 260
79 254 260
79
80 218 254
80 224 254
80 242 254
80 242 254
80 254 260
80 254 260
80
81 218 254
81 224 254
81 242 254
81 254 260
82 218 254
82 224 254
82 242 254
82 242 254
82 254 260
82 254 260
82
83 218 254
83 224 254
83 242 254
83 242 254
83 254 260
83 254 260
83
84 212 242
84 212 242
84 206 242
84 206 242
84 218 242
84 218 242
84 224 242
84 224 242
84
85 230 242
85 230 242
85 230 260
85 230 260
85 230 254
85 230 254
85 230 248
85 230 248
85 230 236
85 230 236
85
86 230 242
86 230 242
86 230 260
86 230 260
86 230 254
86 230 254
86 230 248
86 230 248
86 230 236
86 230 236
86
87 230 242
87 230 242
87 230 260
87 230 260
87 230 254
87 230 254
87 230 248
87 230 248
87 230 236
87 230 236
87
88 230 242
88 230 260
88 230 260
88 230 254
88 230 254
88 230 248
88 230 248
88 230 236
88 230 236
88
89 230 242
89 230 242
89 230 260
89 230 260
89 230 254
89 230 254
89 230 248
89 230 248
89 230 236
89 230 236
89
90 230 242
90 230 242
90 230 260
90 230 260
90 230 254
90 230 254
90 230 248
90 230 248
90 230 236
90 230 236
90
91 230 242
91 230 242
91 230 260
91 230 260
91 230 254
91 230 254
91 230 248
91 230 248
91 230 236
91 230 236
91
92 230 242
92 230 260
92 230 254
92 230 248
92 230 248
92 230 236
93 230 242
93 230 242
93 230 260
93 230 254
93 230 248
93 230 248
93 230 236
93 230 236
93
94 230 242
94 230 242
94 230 260
94 230 260
94 230 254
94 230 254
94 230 248
94 230 248
94 230 236
94 230 236
94
95 230 242
95 230 242
95 230 260
95 230 260
95 230 254
95 230 254
95 230 248
95 230 248
95 230 236
95 230 236
95
96 230 242
96 230 242
96 230 260
96 230 260
96 230 254
96 230 254
96 230 248
96 230 248
96 230 236
96 230 236
97 230 242
97 230 260
97 230 260
97 230 254
97 230 254
97 230 248
97 230 248
97 230 236
97 230 236
98 224 236
98 236 242
98 236 260
98 236 254
98 236 248
98 236 248
98
99 218 248
99 224 248
99 242 248
99 248 260
99 248 254
100 218 248
100 224 248
100 242 248
100 242 248
100 248 260
100 248 260
100 248 254
100 248 254
100
101 218 248
101 224 248
101 242 248
101 242 248
101 248 260
101 248 260
101 248 254
101 248 254
101
102 218 248
102 224 248
102 242 248
102 242 248
102 248 260
102 248 254
103 218 248
103 224 248
103 242 248
103 242 248
103 248 260
103 248 260
103 248 254
103 248 254
103
104 218 248
104 224 248
104 242 248
104 242 248
104 248 260
104 248 260
104 248 254
104 248 254
104
105 218 248
105 224 248
105 242 248
105 242 248
105 248 260
105 248 260
105 248 254
106 206 254
106 206 254
106 218 254
106 218 254
106 224 254
106 242 254
106 242 254
106 254 260
106 254 260
106
107 224 230
107 224 230
107 230 242
107 230 242
107 230 260
107 230 260
107 230 254
107 230 254
107 230 248
107 230 248
107 230 236
107 230 236
107
108 224 230
108 224 230
108 230 242
108 230 242
108 230 260
108 230 260
108 230 254
108 230 254
108 230 248
108 230 248
108 230 236
108 230 236
108
109 224 230
109 230 242
109 230 242
109 230 260
109 230 260
109 230 254
109 230 254
109 230 248
109 230 248
109 230 236
109 230 236
109
110 224 230
110 224 230
110 230 242
110 230 242
110 230 260
110 230 260
110 230 254
110 230 254
110 230 248
110 230 248
110 230 236
110 230 236
110
111 224 230
111 230 242
111 230 242
111 230 260
111 230 260
111 230 254
111 230 254
111 230 248
111 230 248
111 230 236
111 230 236
111
112 224 230
112 230 242
112 230 242
112 230 260
112 230 260
112 230 254
112 230 254
112 230 248
112 230 248
112 230 236
112 230 236
112
113 224 230
113 230 242
113 230 242
113 230 260
113 230 260
113 230 254
113 230 254
113 230 248
113 230 248
113 230 236
113 230 236
113
114 224 230
114 230 242
114 230 242
114 230 260
114 230 260
114 230 254
114 230 254
114 230 248
114 230 248
114 230 236
114 230 236
114
115 224 230
115 230 242
115 230 242
115 230 260
115 230 260
115 230 254
115 230 254
115 230 248
115 230 248
115 230 236
115 230 236
115
116 224 230
116 230 242
116 230 242
116 230 260
116 230 260
116 230 254
116 230 254
116 230 248
116 230 248
116 230 236
116 230 236
116
117 224 230
117 230 242
117 230 242
117 230 260
117 230 260
117 230 254
117 230 254
117 230 248
117 230 248
117 230 236
117 230 236
117
118 218 236
118 224 236
118 236 242
118 236 242
118 236 260
118 236 260
118 236 254
118 236 254
118 236 248
118 236 248
118
119 218 236
119 224 236
119 236 242
119 236 242
119 236 260
119 236 254
119 236 254
119 236 248
120 218 236
120 224 236
120 236 242
120 236 242
120 236 260
120 236 260
120 236 254
120 236 254
120 236 248
120 236 248
120
121 218 230
121 218 230
121 224 230
121 224 230
121 230 242
121 230 242
121 230 260
121 230 260
121 230 254
121 230 254
121 230 248
121 230 248
121 230 236
121 230 236
121
122 218 230
122 224 230
122 230 242
122 230 242
122 230 260
122 230 260
122 230 254
122 230 254
122 230 248
122 230 248
122 230 236
122 230 236
122
123 218 230
123 224 230
123 230 242
123 230 242
123 230 260
123 230 260
123 230 254
123 230 254
123 230 248
123 230 248
123 230 236
123 230 236
123
124 218 230
124 224 230
124 230 242
124 230 242
124 230 260
124 230 260
124 230 254
124 230 254
124 230 248
124 230 248
124 230 236
124 230 236
124
125 218 230
125 224 230
125 230 242
125 230 242
125 230 260
125 230 260
125 230 254
125 230 254
125 230 248
125 230 248
125 230 236
125 230 236
125
126 218 230
126 224 230
126 224 230
126 230 242
126 230 242
126 230 260
126 230 260
126 230 254
126 230 254
126 230 248
126 230 248
126 230 236
126 230 236
126
127 218 230
127 224 230
127 230 242
127 230 242
127 230 260
127 230 260
127 230 254
127 230 254
127 230 248
127 230 248
127 230 236
127 230 236
127
128 218 230
128 224 230
128 230 242
128 230 242
128 230 260
128 230 260
128 230 254
128 230 254
128 230 248
128 230 248
128 230 236
128 230 236
128
129 218 230
129 224 230
129 230 242
129 230 242
129 230 260
129 230 260
129 230 254
129 230 254
129 230 248
129 230 248
129 230 236
129 230 236
130 218 230
130 224 230
130 230 242
130 230 242
130 230 260
130 230 254
130 230 248
130 230 236
130
131 218 230
131 224 230
131 230 242
131 230 242
131 230 260
131 230 260
131 230 254
131 230 254
131 230 248
131 230 248
131 230 236
131 230 236
131
132 218 230
132 224 230
132 230 242
132 230 242
132 230 260
132 230 260
132 230 254
132 230 254
132 230 248
132 230 248
132 230 236
132 230 236
132
133 218 230
133 224 230
133 230 242
133 230 242
133 230 260
133 230 260
133 230 254
133 230 254
133 230 248
133 230 248
133 230 236
133 230 236
133
134 218 230
134 224 230
134 230 242
134 230 242
134 230 260
134 230 260
134 230 254
134 230 254
134 230 248
134 230 248
134 230 236
134 230 236
134
135 218 230
135 224 230
135 230 242
135 230 242
135 230 260
135 230 260
135 230 254
135 230 254
135 230 248
135 230 248
135 230 236
135 230 236
135
136 218 230
136 224 230
136 230 242
136 230 242
136 230 260
136 230 260
136 230 254
136 230 254
136 230 248
136 230 248
136 230 236
136 230 236
136
137 218 230
137 224 230
137 230 242
137 230 242
137 230 260
137 230 254
137 230 248
137 230 236
137 230 236
137
138 218 230
138 224 230
138 230 242
138 230 242
138 230 260
138 230 260
138 230 254
138 230 254
138 230 248
138 230 248
138 230 236
138 230 236
138
139 200 236
139 212 236
139 212 236
139 206 236
139 206 236
139 218 236
139 218 236
139 224 236
139 224 236
139 236 242
139 236 242
139 236 260
139 236 260
139 236 254
139 236 254
139 236 248
139 236 248
139
140 200 230
140 200 230
140 212 230
140 212 230
140 206 230
140 206 230
140 218 230
140 218 230
140 224 230
140 224 230
140 230 242
140 230 242
140 230 260
140 230 260
140 230 254
140 230 254
140 230 248
140 230 248
140 230 236
140 230 236
140
141 200 230
141 200 230
141 212 230
141 212 230
141 206 230
141 206 230
141 218 230
141 218 230
141 224 230
141 224 230
141 230 242
141 230 242
141 230 260
141 230 260
141 230 254
141 230 254
141 230 248
141 230 248
141 230 236
141 230 236
141
142 200 230
142 200 230
142 212 230
142 212 230
142 206 230
142 206 230
142 218 230
142 218 230
142 224 230
142 224 230
142 230 242
142 230 242
142 230 260
142 230 260
142 230 254
142 230 254
142 230 248
142 230 248
142 230 236
142 230 236
142
143 200 230
143 200 230
143 212 230
143 206 230
143 218 230
143 224 230
143 230 242
143 230 242
143 230 260
143 230 260
143 230 254
143 230 254
143 230 248
143 230 248
143 230 236
143 230 236
143
144 200 230
144 200 230
144 212 230
144 212 230
144 206 230
144 206 230
144 218 230
144 218 230
144 224 230
144 224 230
144 230 242
144 230 242
144 230 260
144 230 260
144 230 254
144 230 254
144 230 248
144 230 248
144 230 236
144 230 236
144
145 200 230
145 200 230
145 212 230
145 212 230
145 206 230
145 206 230
145 218 230
145 218 230
145 224 230
145 224 230
145 230 242
145 230 242
145 230 260
145 230 260
145 230 254
145 230 254
145 230 248
145 230 248
145 230 236
145 230 236
145
