0 177 237
0 177 231
0 177 225
0 177 219
0 177 213
0 177 207
0 177 201
0 177 195
0 177 189
0 177 183
1 177 237
1 177 231
1 177 225
1 177 219
1 177 213
1 177 207
1 177 201
1 177 195
1 177 189
1 177 183
2 177 237
2 177 231
2 177 225
2 177 219
2 177 213
2 177 207
2 177 201
2 177 195
2 177 189
2 177 183
3 177 237
3 177 231
3 177 225
3 177 219
3 177 213
3 177 207
3 177 201
3 177 195
3 177 189
3 177 183
4 177 237
4 177 231
4 177 225
4 177 219
4 177 213
4 177 207
4 177 201
4 177 195
4 177 189
4 177 183
5 177 219
5 177 213
5 177 207
5 177 201
5 177 195
5 177 189
5 177 183
6 177 237
6 177 231
6 177 225
6 177 219
6 177 213
6 177 207
6 177 201
6 177 195
6 177 189
6 177 183
7 177 225
7 177 219
7 177 213
7 177 207
7 177 201
7 177 195
7 177 189
7 177 183
8 177 237
8 177 231
8 177 225
8 177 219
8 177 213
8 177 207
8 177 201
8 177 195
8 177 189
8 177 183
9 177 237
9 177 231
9 177 225
9 177 219
9 177 213
9 177 207
9 177 201
9 177 195
9 177 189
9 177 183
10 177 237
10 177 231
10 177 225
10 177 219
10 177 213
10 177 207
10 177 201
10 177 195
10 177 189
10 177 183
11 177 207
11 177 201
11 177 195
11 177 189
11 177 183
12 177 237
12 177 231
12 177 225
12 177 219
12 177 213
12 177 207
12 177 201
12 177 195
12 177 189
12 177 183
13 177 219
13 177 213
13 177 207
13 177 201
13 177 195
13 177 189
13 177 183
14 177 237
14 177 231
14 177 225
14 177 219
14 177 213
14 177 207
14 177 201
14 177 195
14 177 189
14 177 183
15 177 237
15 177 231
15 177 225
15 177 219
15 177 213
15 177 207
15 177 201
15 177 195
15 177 189
15 177 183
16 177 183
17 177 213
17 177 207
17 177 201
17 177 195
17 177 189
17 177 183
18 177 201
18 177 195
18 177 189
18 177 183
19 177 237
19 177 231
19 177 225
19 177 219
19 177 213
19 177 207
19 177 201
19 177 195
19 177 189
19 177 183
20 177 237
20 177 231
20 177 225
20 177 219
20 177 213
20 177 207
20 177 201
20 177 195
20 177 189
20 177 183
21 177 237
21 177 231
21 177 225
21 177 219
21 177 213
21 177 207
21 177 201
21 177 195
21 177 189
21 177 183
22 177 195
22 177 189
22 177 183
23 177 195
23 177 189
23 177 183
24 177 237
24 177 231
24 177 225
24 177 219
24 177 213
24 177 207
24 177 201
24 177 195
24 177 189
24 177 183
25 177 213
25 177 207
25 177 201
25 177 195
25 177 189
25 177 183
26 177 237
26 177 231
26 177 225
26 177 219
26 177 213
26 177 207
26 177 201
26 177 195
26 177 189
26 177 183
27 177 195
27 177 189
27 177 183
28 177 195
28 177 189
28 177 183
29 177 189
29 177 183
30 177 195
30 177 189
30 177 183
31 177 195
31 177 189
31 177 183
32 177 201
32 177 195
32 177 189
32 177 183
33 177 201
33 177 195
33 177 189
33 177 183
34 177 195
34 177 189
34 177 183
35 177 195
35 177 189
35 177 183
36 177 195
36 177 189
36 177 183
37 177 195
37 177 189
37 177 183
38 177 231
38 177 225
38 177 219
38 177 213
38 177 207
38 177 201
38 177 195
38 177 189
38 177 183
39 177 195
39 177 189
39 177 183
40 177 201
40 177 195
40 177 189
40 177 183
41 177 213
41 177 207
41 177 201
41 177 195
41 177 189
41 177 183
42 177 237
42 177 231
42 177 225
42 177 219
42 177 213
42 177 207
42 177 201
42 177 195
42 177 189
42 177 183
43 177 195
43 177 189
43 177 183
44 177 201
44 177 195
44 177 189
44 177 183
45 177 201
45 177 195
45 177 189
45 177 183
46 177 195
46 177 189
46 177 183
47 177 195
47 177 189
47 177 183
48 177 201
48 177 195
48 177 189
48 177 183
49 177 237
49 177 231
49 177 225
49 177 219
49 177 213
49 177 207
49 177 201
49 177 195
49 177 189
49 177 183
50 177 195
50 177 189
50 177 183
51 177 195
51 177 189
51 177 183
52 177 195
52 177 189
52 177 183
53 177 195
53 177 189
53 177 183
54 177 195
54 177 189
54 177 183
55 177 195
55 177 189
55 177 183
56 177 195
56 177 189
56 177 183
57 177 195
57 177 189
57 177 183
58 177 195
58 177 189
58 177 183
59 177 189
59 177 183
60 177 219
60 177 213
60 177 207
60 177 201
60 177 195
60 177 189
60 177 183
61 177 207
61 177 201
61 177 195
61 177 189
61 177 183
62 177 189
62 177 183
63 177 195
63 177 189
63 177 183
64 177 207
64 177 201
64 177 195
64 177 189
64 177 183
65 177 195
65 177 189
65 177 183
66 177 201
66 177 195
66 177 189
66 177 183
67 177 219
67 177 213
67 177 207
67 177 201
67 177 195
67 177 189
67 177 183
68 177 237
68 177 231
68 177 225
68 177 219
68 177 213
68 177 207
68 177 201
68 177 195
68 177 189
68 177 183
69 177 195
69 177 189
69 177 183
70 177 195
70 177 189
70 177 183
71 177 189
71 177 183
72 177 189
72 177 183
73 177 195
73 177 189
73 177 183
74 177 213
74 177 207
74 177 201
74 177 195
74 177 189
74 177 183
75 177 189
75 177 183
76 177 195
76 177 189
76 177 183
77 177 195
77 177 189
77 177 183
78 177 189
78 177 183
79 177 195
79 177 189
79 177 183
80 177 195
80 177 189
80 177 183
81 177 189
81 177 183
82 177 213
82 177 207
82 177 201
82 177 195
82 177 189
82 177 183
83 177 195
83 177 189
83 177 183
84 177 219
84 177 213
84 177 207
84 177 201
84 177 195
84 177 189
84 177 183
85 177 195
85 177 189
85 177 183
86 177 237
86 177 231
86 177 225
86 177 219
86 177 213
86 177 207
86 177 201
86 177 195
86 177 189
86 177 183
87 177 195
87 177 189
87 177 183
88 177 195
88 177 189
88 177 183
89 177 195
89 177 189
89 177 183
90 177 201
90 177 195
90 177 189
90 177 183
91 177 237
91 177 231
91 177 225
91 177 219
91 177 213
91 177 207
91 177 201
91 177 195
91 177 189
91 177 183
92 177 195
92 177 189
92 177 183
93 177 237
93 177 231
93 177 225
93 177 219
93 177 213
93 177 207
93 177 201
93 177 195
93 177 189
93 177 183
94 177 195
94 177 189
94 177 183
95 177 195
95 177 189
95 177 183
96 177 195
96 177 189
96 177 183
97 177 195
97 177 189
97 177 183
98 177 201
98 177 195
98 177 189
98 177 183
99 177 195
99 177 189
99 177 183
100 177 213
100 177 207
100 177 201
100 177 195
100 177 189
100 177 183
101 177 213
101 177 207
101 177 201
101 177 195
101 177 189
101 177 183
102 177 201
102 177 195
102 177 189
102 177 183
103 177 183
104 177 201
104 177 195
104 177 189
104 177 183
105 177 237
105 177 231
105 177 225
105 177 219
105 177 213
105 177 207
105 177 201
105 177 195
105 177 189
105 177 183
106 177 195
106 177 189
106 177 183
107 177 195
107 177 189
107 177 183
108 177 195
108 177 189
108 177 183
109 177 189
109 177 183
110 177 189
110 177 183
111 177 237
111 177 231
111 177 225
111 177 219
111 177 213
111 177 207
111 177 201
111 177 195
111 177 189
111 177 183
112 177 195
112 177 189
112 177 183
113 177 189
113 177 183
114 177 195
114 177 189
114 177 183
115 177 213
115 177 207
115 177 201
115 177 195
115 177 189
115 177 183
116 177 189
116 177 183
117 177 189
117 177 183
118 177 195
118 177 189
118 177 183
119 177 183
120 177 189
120 177 183
121 177 189
121 177 183
122 177 195
122 177 189
122 177 183
123 177 183
124 183 189
125 183 219
125 183 213
125 183 207
125 183 201
125 183 195
125 183 189
126 183 189
127 183 195
127 183 189
128 183 189
129 183 189
130 183 189
131 189 231
131 189 225
131 189 219
131 189 213
131 189 207
131 189 201
131 189 195
132 189 195
133 189 195
134 189 195
135 189 195
136 189 195
137 189 195
138 189 195
139 189 195
140 195 231
140 195 225
140 195 219
140 195 213
140 195 207
140 195 201
141 195 201
142 201 213
142 201 207
143 201 237
143 201 231
143 201 225
143 201 219
143 201 213
143 201 207
144 201 237
144 201 231
144 201 225
144 201 219
144 201 213
144 201 207
145 201 207
146 201 213
146 201 207
147 201 219
147 201 213
147 201 207
148 201 213
148 201 207
149 201 219
149 201 213
149 201 207
150 201 213
150 201 207
151 201 219
151 201 213
151 201 207
152 201 207
153 201 213
153 201 207
154 201 237
154 201 231
154 201 225
154 201 219
154 201 213
154 201 207
155 201 213
155 201 207
156 201 213
156 201 207
157 207 237
157 207 231
157 207 225
157 207 219
157 207 213
158 207 219
158 207 213
159 207 213
160 207 237
160 207 231
160 207 225
160 207 219
160 207 213
161 207 213
162 207 213
163 207 237
163 207 231
163 207 225
163 207 219
163 207 213
164 207 219
164 207 213
165 207 213
166 213 219
167 213 225
167 213 219
168 213 219
169 213 219
170 219 225
171 219 237
171 219 231
171 219 225
172 219 225
173 219 237
173 219 231
173 219 225
174 219 237
174 219 231
174 219 225
175 219 225
176 219 237
176 219 231
176 219 225
