9 239 275
9 239 275
9 239 263
9 239 263
9 239 245
9 239 245
9
10 239 275
10 239 263
10 239 245
10
11 239 275
11 239 275
11 239 263
11 239 263
11 239 245
11 239 245
11
12 239 275
12 239 275
12 239 263
12 239 263
12 239 245
12 239 245
12
13 239 275
13 239 275
13 239 263
13 239 263
13 239 245
13 239 245
13
14 239 275
14 239 275
14 239 263
14 239 263
14 239 245
14 239 245
14
15 239 275
15 239 275
15 239 263
15 239 245
16 275 287
16 275 287
16 275 293
16 275 293
16 275 281
16 275 281
16
17 275 287
17 275 287
17 275 293
17 275 293
17 275 281
17 275 281
17
18 281 299
18 281 287
18 281 293
19 251 299
19 251 299
19 257 299
19 257 299
19 269 299
19 269 299
19
20 251 299
20 251 299
20 257 299
20 257 299
20 269 299
20 269 299
20
21 251 299
21 251 299
21 257 299
21 257 299
21 269 299
21 269 299
21
22 251 299
22 257 299
22 269 299
23 251 299
23 251 299
23 257 299
23 257 299
23 269 299
23 269 299
24 251 299
24 251 299
24 257 299
24 257 299
24 269 299
24 269 299
24
25 251 299
25 257 299
25 257 299
25 269 299
25 269 299
25
26 251 299
26 257 299
26 257 299
26 269 299
26 269 299
26
27 251 299
27 251 299
27 257 299
27 257 299
27 269 299
27 269 299
27
28 251 299
28 257 299
28 269 299
65 239 281
65 239 275
65 239 263
65 239 263
65 239 245
65 239 245
65
66 239 281
66 239 281
66 239 275
66 239 275
66 239 263
66 239 263
66 239 245
66 239 245
66
67 239 281
67 239 281
67 239 275
67 239 275
67 239 263
67 239 245
68 239 281
68 239 275
68 239 275
68 239 263
68 239 263
68 239 245
68 239 245
68
69 239 281
69 239 275
69 239 263
69 239 245
69 239 245
69
70 263 287
70 263 287
70 263 293
70 263 293
70 263 281
70 263 281
70 263 275
70 263 275
70
71 269 281
71 269 281
71 281 299
71 281 299
71 281 287
71 281 287
71 281 293
71 281 293
71
72 251 287
72 251 287
72 257 287
72 257 287
72 269 287
72 269 287
72 287 299
73 251 287
73 251 287
73 257 287
73 257 287
73 269 287
73 269 287
73 287 299
73 287 299
73
74 251 287
74 251 287
74 257 287
74 257 287
74 269 287
74 269 287
74 287 299
74 287 299
74
75 239 293
75 239 293
75 239 281
75 239 281
75 239 275
75 239 275
75 239 263
75 239 263
75 239 245
75 239 245
75
76 239 293
76 239 293
76 239 281
76 239 281
76 239 275
76 239 275
76 239 263
76 239 263
76 239 245
76 239 245
76
77 239 293
77 239 293
77 239 281
77 239 281
77 239 275
77 239 275
77 239 263
77 239 263
77 239 245
77 239 245
77
78 239 293
78 239 281
78 239 281
78 239 275
78 239 275
78 239 263
78 239 263
78 239 245
78 239 245
78
79 269 275
79 269 275
79 275 299
79 275 299
79 275 287
79 275 287
79 275 293
79 275 293
79 275 281
79
80 251 293
80 251 293
80 257 293
80 257 293
80 269 293
80 269 293
80 293 299
80 293 299
80 287 293
80 287 293
80
81 251 293
81 251 293
81 257 293
81 257 293
81 269 293
81 269 293
81 293 299
81 293 299
81 287 293
81 287 293
81
82 251 293
82 251 293
82 257 293
82 257 293
82 269 293
82 269 293
82 293 299
82 293 299
82 287 293
82 287 293
82
83 251 293
83 251 293
83 257 293
83 257 293
83 269 293
83 269 293
83 293 299
83 293 299
83 287 293
83 287 293
83
84 251 293
84 251 293
84 257 293
84 257 293
84 269 293
84 269 293
84 293 299
84 293 299
84 287 293
84 287 293
84
85 251 293
85 251 293
85 257 293
85 257 293
85 269 293
85 269 293
85 293 299
85 293 299
85 287 293
85 287 293
86 251 293
86 257 293
86 269 293
86 269 293
86 293 299
86 293 299
86 287 293
86 287 293
87 239 287
87 239 287
87 239 293
87 239 293
87 239 281
87 239 281
87 239 275
87 239 275
87 239 263
87 239 263
87 239 245
87 239 245
87
88 239 287
88 239 293
88 239 281
88 239 275
88 239 275
88 239 263
88 239 263
88 239 245
88 239 245
88
89 239 287
89 239 287
89 239 293
89 239 293
89 239 281
89 239 281
89 239 275
89 239 275
89 239 263
89 239 263
89 239 245
89 239 245
89
90 239 287
90 239 287
90 239 293
90 239 293
90 239 281
90 239 281
90 239 275
90 239 275
90 239 263
90 239 263
90 239 245
90 239 245
90
91 239 287
91 239 287
91 239 293
91 239 293
91 239 281
91 239 281
91 239 275
91 239 275
91 239 263
91 239 263
91 239 245
91 239 245
91
92 239 287
92 239 293
92 239 293
92 239 281
92 239 281
92 239 275
92 239 275
92 239 263
92 239 263
92 239 245
92 239 245
93 263 269
93 263 269
93 263 299
93 263 299
93 263 287
93 263 287
93 263 293
93 263 293
93 263 281
93 263 281
93 263 275
93 263 275
93
94 257 275
94 257 275
94 269 275
94 269 275
94 275 299
94 275 299
94 275 287
94 275 287
94 275 293
94 275 293
94 275 281
94 275 281
94
95 251 281
95 251 281
95 257 281
95 257 281
95 269 281
95 269 281
95 281 299
95 281 299
95 281 287
95 281 287
95 281 293
95
96 251 281
96 251 281
96 257 281
96 257 281
96 269 281
96 269 281
96 281 299
96 281 287
96 281 293
96
97 251 281
97 257 281
97 269 281
97 281 299
97 281 287
97 281 287
97 281 293
98 251 281
98 251 281
98 257 281
98 257 281
98 269 281
98 269 281
98 281 299
98 281 299
98 281 287
98 281 287
98 281 293
98 281 293
98
99 251 281
99 251 281
99 257 281
99 257 281
99 269 281
99 269 281
99 281 299
99 281 299
99 281 287
99 281 287
99 281 293
99 281 293
99
100 251 281
100 257 281
100 257 281
100 269 281
100 269 281
100 281 299
100 281 299
100 281 287
100 281 287
100 281 293
100 281 293
100
101 251 281
101 257 281
101 269 281
101 281 299
101 281 287
101 281 287
101 281 293
101 281 293
101
102 239 299
102 239 287
102 239 293
102 239 281
102 239 275
102 239 263
102 239 263
102 239 245
102
103 239 299
103 239 299
103 239 287
103 239 287
103 239 293
103 239 293
103 239 281
103 239 281
103 239 275
103 239 275
103 239 263
103 239 263
103 239 245
103 239 245
103
104 239 299
104 239 299
104 239 287
104 239 287
104 239 293
104 239 293
104 239 281
104 239 281
104 239 275
104 239 275
104 239 263
104 239 263
104 239 245
104 239 245
104
105 239 299
105 239 299
105 239 287
105 239 287
105 239 293
105 239 293
105 239 281
105 239 281
105 239 275
105 239 275
105 239 263
105 239 263
105 239 245
105 239 245
105
106 239 299
106 239 299
106 239 287
106 239 287
106 239 293
106 239 293
106 239 281
106 239 281
106 239 275
106 239 275
106 239 263
106 239 263
106 239 245
106 239 245
106
107 251 275
107 257 275
107 257 275
107 269 275
107 275 299
107 275 299
107 275 287
107 275 287
107 275 293
107 275 293
107 275 281
107 275 281
107
108 251 275
108 257 275
108 269 275
108 275 299
108 275 287
108 275 287
108 275 293
108 275 293
108 275 281
108 275 281
109 251 275
109 251 275
109 257 275
109 257 275
109 269 275
109 269 275
109 275 299
109 275 299
109 275 287
109 275 287
109 275 293
109 275 293
109 275 281
109 275 281
110 251 275
110 251 275
110 257 275
110 257 275
110 269 275
110 269 275
110 275 299
110 275 299
110 275 287
110 275 287
110 275 293
110 275 293
110 275 281
110 275 281
111 251 275
111 251 275
111 257 275
111 257 275
111 269 275
111 269 275
111 275 299
111 275 299
111 275 287
111 275 287
111 275 293
111 275 293
111 275 281
111 275 281
112 251 275
112 251 275
112 257 275
112 257 275
112 269 275
112 269 275
112 275 299
112 275 299
112 275 287
112 275 287
112 275 293
112 275 293
112 275 281
112 275 281
112
113 239 269
113 239 269
113 239 299
113 239 299
113 239 287
113 239 287
113 239 293
113 239 293
113 239 281
113 239 281
113 239 275
113 239 275
113 239 263
113 239 263
113 239 245
113 239 245
113
114 239 269
114 239 269
114 239 299
114 239 299
114 239 287
114 239 287
114 239 293
114 239 293
114 239 281
114 239 281
114 239 275
114 239 275
114 239 263
114 239 263
114 239 245
114 239 245
114
115 239 269
115 239 269
115 239 299
115 239 299
115 239 287
115 239 287
115 239 293
115 239 293
115 239 281
115 239 281
115 239 275
115 239 275
115 239 263
115 239 263
115 239 245
115 239 245
115
116 239 269
116 239 269
116 239 299
116 239 299
116 239 287
116 239 287
116 239 293
116 239 293
116 239 281
116 239 281
116 239 275
116 239 275
116 239 263
116 239 263
116 239 245
116 239 245
116
117 239 269
117 239 269
117 239 299
117 239 299
117 239 287
117 239 287
117 239 293
117 239 281
117 239 275
117 239 275
117 239 263
117 239 263
117 239 245
117 239 245
117
118 239 269
118 239 299
118 239 299
118 239 287
118 239 287
118 239 293
118 239 293
118 239 281
118 239 275
118 239 263
118 239 245
118 239 245
118
119 239 269
119 239 269
119 239 299
119 239 299
119 239 287
119 239 287
119 239 293
119 239 293
119 239 281
119 239 275
119 239 263
119 239 263
119 239 245
119 239 245
119
120 251 263
120 251 263
120 257 263
120 257 263
120 263 269
120 263 269
120 263 299
120 263 299
120 263 287
120 263 287
120 263 293
120 263 293
120 263 281
120 263 281
120 263 275
120 263 275
120
121 251 263
121 251 263
121 257 263
121 257 263
121 263 269
121 263 269
121 263 299
121 263 299
121 263 287
121 263 287
121 263 293
121 263 293
121 263 281
121 263 281
121 263 275
121 263 275
121
122 251 263
122 251 263
122 257 263
122 257 263
122 263 269
122 263 269
122 263 299
122 263 299
122 263 287
122 263 287
122 263 293
122 263 293
122 263 281
122 263 281
122 263 275
122 263 275
122
123 251 263
123 251 263
123 257 263
123 257 263
123 263 269
123 263 269
123 263 299
123 263 299
123 263 287
123 263 287
123 263 293
123 263 293
123 263 281
123 263 281
123 263 275
123 263 275
123
124 251 263
124 257 263
124 257 263
124 263 269
124 263 269
124 263 299
124 263 287
124 263 293
124 263 281
124 263 281
124 263 275
124
125 251 263
125 251 263
125 257 263
125 257 263
125 263 269
125 263 269
125 263 299
125 263 299
125 263 287
125 263 287
125 263 293
125 263 293
125 263 281
125 263 281
125 263 275
125 263 275
125
126 251 263
126 251 263
126 257 263
126 257 263
126 263 269
126 263 269
126 263 299
126 263 299
126 263 287
126 263 287
126 263 293
126 263 293
126 263 281
126 263 281
126 263 275
126 263 275
127 251 263
127 251 263
127 257 263
127 257 263
127 263 269
127 263 269
127 263 299
127 263 299
127 263 287
127 263 287
127 263 293
127 263 293
127 263 281
127 263 281
127 263 275
127 263 275
127
128 239 257
128 239 257
128 239 269
128 239 269
128 239 299
128 239 299
128 239 287
128 239 287
128 239 293
128 239 293
128 239 281
128 239 281
128 239 275
128 239 275
128 239 263
128 239 263
128 239 245
128 239 245
128
129 239 257
129 239 257
129 239 269
129 239 269
129 239 299
129 239 299
129 239 287
129 239 287
129 239 293
129 239 293
129 239 281
129 239 281
129 239 275
129 239 275
129 239 263
129 239 263
129 239 245
129 239 245
129
130 245 251
130 245 251
130 245 257
130 245 257
130 245 269
130 245 269
130 245 299
130 245 299
130 245 287
130 245 287
130 245 293
130 245 293
130 245 281
130 245 281
130 245 275
130 245 275
130 245 263
130 245 263
130
131 245 251
131 245 251
131 245 257
131 245 257
131 245 269
131 245 269
131 245 299
131 245 299
131 245 287
131 245 287
131 245 293
131 245 293
131 245 281
131 245 281
131 245 275
131 245 275
131 245 263
131 245 263
131
132 245 251
132 245 251
132 245 257
132 245 257
132 245 269
132 245 269
132 245 299
132 245 299
132 245 287
132 245 287
132 245 293
132 245 293
132 245 281
132 245 281
132 245 275
132 245 275
132 245 263
132 245 263
132
133 245 251
133 245 251
133 245 257
133 245 257
133 245 269
133 245 269
133 245 299
133 245 299
133 245 287
133 245 287
133 245 293
133 245 293
133 245 281
133 245 281
133 245 275
133 245 275
133 245 263
133 245 263
134 245 251
134 245 251
134 245 257
134 245 257
134 245 269
134 245 269
134 245 299
134 245 299
134 245 287
134 245 287
134 245 293
134 245 293
134 245 281
134 245 281
134 245 275
134 245 275
134 245 263
134 245 263
134
135 239 251
135 239 251
135 239 257
135 239 257
135 239 269
135 239 269
135 239 299
135 239 299
135 239 287
135 239 287
135 239 293
135 239 293
135 239 281
135 239 281
135 239 275
135 239 275
135 239 263
135 239 263
135 239 245
135 239 245
135
136 239 251
136 239 251
136 239 257
136 239 257
136 239 269
136 239 269
136 239 299
136 239 299
136 239 287
136 239 287
136 239 293
136 239 293
136 239 281
136 239 281
136 239 275
136 239 275
136 239 263
136 239 263
136 239 245
136 239 245
136
137 239 251
137 239 251
137 239 257
137 239 257
137 239 269
137 239 269
137 239 299
137 239 299
137 239 287
137 239 287
137 239 293
137 239 293
137 239 281
137 239 281
137 239 275
137 239 275
137 239 263
137 239 263
137 239 245
137 239 245
137
138 239 251
138 239 251
138 239 257
138 239 257
138 239 269
138 239 269
138 239 299
138 239 299
138 239 287
138 239 287
138 239 293
138 239 293
138 239 281
138 239 281
138 239 275
138 239 275
138 239 263
138 239 263
138 239 245
138 239 245
138
139 239 251
139 239 251
139 239 257
139 239 257
139 239 269
139 239 269
139 239 299
139 239 299
139 239 287
139 239 287
139 239 293
139 239 293
139 239 281
139 239 281
139 239 275
139 239 275
139 239 263
139 239 263
139 239 245
139 239 245
139
140 239 251
140 239 251
140 239 257
140 239 257
140 239 269
140 239 269
140 239 299
140 239 299
140 239 287
140 239 287
140 239 293
140 239 293
140 239 281
140 239 281
140 239 275
140 239 275
140 239 263
140 239 263
140 239 245
140 239 245
140
141 239 251
141 239 251
141 239 257
141 239 257
141 239 269
141 239 269
141 239 299
141 239 299
141 239 287
141 239 287
141 239 293
141 239 293
141 239 281
141 239 281
141 239 275
141 239 275
141 239 263
141 239 263
141 239 245
141 239 245
141
142 239 251
142 239 251
142 239 257
142 239 257
142 239 269
142 239 269
142 239 299
142 239 299
142 239 287
142 239 287
142 239 293
142 239 293
142 239 281
142 239 281
142 239 275
142 239 275
142 239 263
142 239 263
142 239 245
142 239 245
142
143 239 251
143 239 251
143 239 257
143 239 257
143 239 269
143 239 269
143 239 299
143 239 299
143 239 287
143 239 287
143 239 293
143 239 293
143 239 281
143 239 281
143 239 275
143 239 275
143 239 263
143 239 263
143 239 245
143 239 245
143
144 239 251
144 239 251
144 239 257
144 239 257
144 239 269
144 239 269
144 239 299
144 239 299
144 239 287
144 239 287
144 239 293
144 239 293
144 239 281
144 239 281
144 239 275
144 239 275
144 239 263
144 239 263
144 239 245
144 239 245
144
145 239 251
145 239 251
145 239 257
145 239 257
145 239 269
145 239 269
145 239 299
145 239 299
145 239 287
145 239 287
145 239 293
145 239 293
145 239 281
145 239 281
145 239 275
145 239 275
145 239 263
145 239 263
145 239 245
145 239 245
145
146 239 251
146 239 251
146 239 257
146 239 257
146 239 269
146 239 269
146 239 299
146 239 299
146 239 287
146 239 287
146 239 293
146 239 293
146 239 281
146 239 281
146 239 275
146 239 275
146 239 263
146 239 263
146 239 245
146 239 245
146
147 239 251
147 239 251
147 239 257
147 239 257
147 239 269
147 239 269
147 239 299
147 239 299
147 239 287
147 239 287
147 239 293
147 239 293
147 239 281
147 239 281
147 239 275
147 239 275
147 239 263
147 239 263
147 239 245
147 239 245
147
148 239 251
148 239 251
148 239 257
148 239 257
148 239 269
148 239 269
148 239 299
148 239 299
148 239 287
148 239 287
148 239 293
148 239 293
148 239 281
148 239 281
148 239 275
148 239 275
148 239 263
148 239 263
148 239 245
148 239 245
148
149 239 251
149 239 251
149 239 257
149 239 257
149 239 269
149 239 269
149 239 299
149 239 299
149 239 287
149 239 287
149 239 293
149 239 293
149 239 281
149 239 281
149 239 275
149 239 275
149 239 263
149 239 263
149 239 245
149 239 245
149
150 239 251
150 239 251
150 239 257
150 239 257
150 239 269
150 239 269
150 239 299
150 239 299
150 239 287
150 239 287
150 239 293
150 239 293
150 239 281
150 239 281
150 239 275
150 239 275
150 239 263
150 239 263
150 239 245
150 239 245
150
151 239 251
151 239 251
151 239 257
151 239 257
151 239 269
151 239 269
151 239 299
151 239 299
151 239 287
151 239 287
151 239 293
151 239 293
151 239 281
151 239 281
151 239 275
151 239 275
151 239 263
151 239 263
151 239 245
151 239 245
151
152 239 251
152 239 251
152 239 257
152 239 257
152 239 269
152 239 269
152 239 299
152 239 299
152 239 287
152 239 287
152 239 293
152 239 293
152 239 281
152 239 281
152 239 275
152 239 275
152 239 263
152 239 263
152 239 245
152 239 245
152
153 239 251
153 239 251
153 239 257
153 239 257
153 239 269
153 239 269
153 239 299
153 239 299
153 239 287
153 239 287
153 239 293
153 239 293
153 239 281
153 239 281
153 239 275
153 239 275
153 239 263
153 239 263
153 239 245
153 239 245
153
154 239 251
154 239 251
154 239 257
154 239 257
154 239 269
154 239 269
154 239 299
154 239 299
154 239 287
154 239 287
154 239 293
154 239 293
154 239 281
154 239 281
154 239 275
154 239 275
154 239 263
154 239 263
154 239 245
154 239 245
154
155 239 251
155 239 251
155 239 257
155 239 257
155 239 269
155 239 269
155 239 299
155 239 299
155 239 287
155 239 287
155 239 293
155 239 293
155 239 281
155 239 281
155 239 275
155 239 275
155 239 263
155 239 263
155 239 245
155 239 245
155
156 239 251
156 239 251
156 239 257
156 239 257
156 239 269
156 239 269
156 239 299
156 239 299
156 239 287
156 239 287
156 239 293
156 239 293
156 239 281
156 239 281
156 239 275
156 239 275
156 239 263
156 239 263
156 239 245
156 239 245
156
157 239 251
157 239 251
157 239 257
157 239 257
157 239 269
157 239 269
157 239 299
157 239 299
157 239 287
157 239 287
157 239 293
157 239 293
157 239 281
157 239 281
157 239 275
157 239 275
157 239 263
157 239 263
157 239 245
157 239 245
157
158 239 251
158 239 251
158 239 257
158 239 257
158 239 269
158 239 269
158 239 299
158 239 299
158 239 287
158 239 287
158 239 293
158 239 293
158 239 281
158 239 281
158 239 275
158 239 275
158 239 263
158 239 263
158 239 245
158 239 245
158
159 239 251
159 239 251
159 239 257
159 239 257
159 239 269
159 239 269
159 239 299
159 239 299
159 239 287
159 239 287
159 239 293
159 239 293
159 239 281
159 239 281
159 239 275
159 239 275
159 239 263
159 239 263
159 239 245
159 239 245
159
160 239 251
160 239 251
160 239 257
160 239 257
160 239 269
160 239 269
160 239 299
160 239 299
160 239 287
160 239 287
160 239 293
160 239 293
160 239 281
160 239 281
160 239 275
160 239 275
160 239 263
160 239 263
160 239 245
160 239 245
160
161 239 251
161 239 251
161 239 257
161 239 257
161 239 269
161 239 269
161 239 299
161 239 299
161 239 287
161 239 287
161 239 293
161 239 293
161 239 281
161 239 281
161 239 275
161 239 275
161 239 263
161 239 263
161 239 245
161 239 245
161
162 239 251
162 239 251
162 239 257
162 239 257
162 239 269
162 239 269
162 239 299
162 239 299
162 239 287
162 239 287
162 239 293
162 239 293
162 239 281
162 239 281
162 239 275
162 239 275
162 239 263
162 239 263
162 239 245
162 239 245
162
163 239 251
163 239 251
163 239 257
163 239 257
163 239 269
163 239 269
163 239 299
163 239 299
163 239 287
163 239 287
163 239 293
163 239 293
163 239 281
163 239 281
163 239 275
163 239 275
163 239 263
163 239 263
163 239 245
163 239 245
163
164 239 251
164 239 251
164 239 257
164 239 257
164 239 269
164 239 269
164 239 299
164 239 299
164 239 287
164 239 287
164 239 293
164 239 293
164 239 281
164 239 281
164 239 275
164 239 275
164 239 263
164 239 263
164 239 245
164 239 245
164
165 239 251
165 239 257
165 239 269
165 239 269
165 239 299
165 239 299
165 239 287
165 239 287
165 239 293
165 239 293
165 239 281
165 239 281
165 239 275
165 239 275
165 239 263
165 239 263
165 239 245
165 239 245
165
166 239 251
166 239 251
166 239 257
166 239 257
166 239 269
166 239 269
166 239 299
166 239 299
166 239 287
166 239 287
166 239 293
166 239 293
166 239 281
166 239 281
166 239 275
166 239 275
166 239 263
166 239 263
166 239 245
166 239 245
166
167 239 251
167 239 251
167 239 257
167 239 257
167 239 269
167 239 269
167 239 299
167 239 299
167 239 287
167 239 287
167 239 293
167 239 293
167 239 281
167 239 281
167 239 275
167 239 275
167 239 263
167 239 263
167 239 245
167 239 245
167
168 239 251
168 239 251
168 239 257
168 239 257
168 239 269
168 239 269
168 239 299
168 239 299
168 239 287
168 239 287
168 239 293
168 239 293
168 239 281
168 239 281
168 239 275
168 239 275
168 239 263
168 239 263
168 239 245
168 239 245
168
169 239 251
169 239 251
169 239 257
169 239 257
169 239 269
169 239 269
169 239 299
169 239 299
169 239 287
169 239 287
169 239 293
169 239 293
169 239 281
169 239 281
169 239 275
169 239 275
169 239 263
169 239 263
169 239 245
169 239 245
169
170 239 251
170 239 251
170 239 257
170 239 257
170 239 269
170 239 269
170 239 299
170 239 299
170 239 287
170 239 287
170 239 293
170 239 293
170 239 281
170 239 281
170 239 275
170 239 275
170 239 263
170 239 263
170 239 245
170 239 245
170
171 239 251
171 239 251
171 239 257
171 239 257
171 239 269
171 239 269
171 239 299
171 239 287
171 239 293
171 239 281
171 239 275
171 239 263
171 239 263
171 239 245
171 239 245
171
172 239 251
172 239 251
172 239 257
172 239 257
172 239 269
172 239 269
172 239 299
172 239 299
172 239 287
172 239 287
172 239 293
172 239 293
172 239 281
172 239 281
172 239 275
172 239 275
172 239 263
172 239 263
172 239 245
172 239 245
172
173 239 251
173 239 251
173 239 257
173 239 257
173 239 269
173 239 269
173 239 299
173 239 299
173 239 287
173 239 287
173 239 293
173 239 293
173 239 281
173 239 281
173 239 275
173 239 275
173 239 263
173 239 263
173 239 245
173
174 239 251
174 239 251
174 239 257
174 239 257
174 239 269
174 239 269
174 239 299
174 239 299
174 239 287
174 239 287
174 239 293
174 239 293
174 239 281
174 239 281
174 239 275
174 239 275
174 239 263
174 239 263
174 239 245
174 239 245
174
175 239 251
175 239 251
175 239 257
175 239 257
175 239 269
175 239 269
175 239 299
175 239 299
175 239 287
175 239 287
175 239 293
175 239 293
175 239 281
175 239 281
175 239 275
175 239 275
175 239 263
175 239 263
175 239 245
175 239 245
175
176 239 251
176 239 251
176 239 257
176 239 257
176 239 269
176 239 269
176 239 299
176 239 299
176 239 287
176 239 287
176 239 293
176 239 293
176 239 281
176 239 281
176 239 275
176 239 275
176 239 263
176 239 263
176 239 245
176 239 245
176
177 239 251
177 239 251
177 239 257
177 239 257
177 239 269
177 239 269
177 239 299
177 239 299
177 239 287
177 239 287
177 239 293
177 239 293
177 239 281
177 239 281
177 239 275
177 239 275
177 239 263
177 239 263
177 239 245
177 239 245
177
178 239 251
178 239 251
178 239 257
178 239 257
178 239 269
178 239 269
178 239 299
178 239 299
178 239 287
178 239 287
178 239 293
178 239 293
178 239 281
178 239 281
178 239 275
178 239 275
178 239 263
178 239 263
178 239 245
178 239 245
178
179 239 251
179 239 251
179 239 257
179 239 257
179 239 269
179 239 269
179 239 299
179 239 299
179 239 287
179 239 287
179 239 293
179 239 293
179 239 281
179 239 281
179 239 275
179 239 275
179 239 263
179 239 263
179 239 245
179 239 245
179
180 239 251
180 239 251
180 239 257
180 239 257
180 239 269
180 239 269
180 239 299
180 239 299
180 239 287
180 239 287
180 239 293
180 239 293
180 239 281
180 239 281
180 239 275
180 239 275
180 239 263
180 239 263
180 239 245
180 239 245
180
181 239 251
181 239 251
181 239 257
181 239 257
181 239 269
181 239 269
181 239 299
181 239 299
181 239 287
181 239 287
181 239 293
181 239 293
181 239 281
181 239 281
181 239 275
181 239 275
181 239 263
181 239 263
181 239 245
181 239 245
181
182 239 251
182 239 251
182 239 257
182 239 257
182 239 269
182 239 269
182 239 299
182 239 299
182 239 287
182 239 287
182 239 293
182 239 293
182 239 281
182 239 281
182 239 275
182 239 275
182 239 263
182 239 263
182 239 245
182 239 245
182
183 239 251
183 239 251
183 239 257
183 239 257
183 239 269
183 239 269
183 239 299
183 239 299
183 239 287
183 239 287
183 239 293
183 239 293
183 239 281
183 239 281
183 239 275
183 239 275
183 239 263
183 239 263
183 239 245
183 239 245
183
184 239 251
184 239 251
184 239 257
184 239 257
184 239 269
184 239 269
184 239 299
184 239 299
184 239 287
184 239 287
184 239 293
184 239 293
184 239 281
184 239 281
184 239 275
184 239 275
184 239 263
184 239 263
184 239 245
184 239 245
