0 186 246
0 186 240
0 186 234
0 186 228
0 186 222
0 186 216
0 186 210
0 186 204
0 186 198
0 186 192
1 186 246
1 186 240
1 186 234
1 186 228
1 186 222
1 186 216
1 186 210
1 186 204
1 186 198
1 186 192
2 186 246
2 186 240
2 186 234
2 186 228
2 186 222
2 186 216
2 186 210
2 186 204
2 186 198
2 186 192
3 186 246
3 186 240
3 186 234
3 186 228
3 186 222
3 186 216
3 186 210
3 186 204
3 186 198
3 186 192
4 186 246
4 186 240
4 186 234
4 186 228
4 186 222
4 186 216
4 186 210
4 186 204
4 186 198
4 186 192
5 186 246
5 186 240
5 186 234
5 186 228
5 186 222
5 186 216
5 186 210
5 186 204
5 186 198
5 186 192
6 186 246
6 186 240
6 186 234
6 186 228
6 186 222
6 186 216
6 186 210
6 186 204
6 186 198
6 186 192
7 186 246
7 186 240
7 186 234
7 186 228
7 186 222
7 186 216
7 186 210
7 186 204
7 186 198
7 186 192
8 186 246
8 186 240
8 186 234
8 186 228
8 186 222
8 186 216
8 186 210
8 186 204
8 186 198
8 186 192
9 186 246
9 186 240
9 186 234
9 186 228
9 186 222
9 186 216
9 186 210
9 186 204
9 186 198
9 186 192
10 186 246
10 186 240
10 186 234
10 186 228
10 186 222
10 186 216
10 186 210
10 186 204
10 186 198
10 186 192
11 186 246
11 186 240
11 186 234
11 186 228
11 186 222
11 186 216
11 186 210
11 186 204
11 186 198
11 186 192
12 186 246
12 186 240
12 186 234
12 186 228
12 186 222
12 186 216
12 186 210
12 186 204
12 186 198
12 186 192
13 186 192
14 186 246
14 186 240
14 186 234
14 186 228
14 186 222
14 186 216
14 186 210
14 186 204
14 186 198
14 186 192
15 186 246
15 186 240
15 186 234
15 186 228
15 186 222
15 186 216
15 186 210
15 186 204
15 186 198
15 186 192
16 186 246
16 186 240
16 186 234
16 186 228
16 186 222
16 186 216
16 186 210
16 186 204
16 186 198
16 186 192
17 186 246
17 186 240
17 186 234
17 186 228
17 186 222
17 186 216
17 186 210
17 186 204
17 186 198
17 186 192
18 186 246
18 186 240
18 186 234
18 186 228
18 186 222
18 186 216
18 186 210
18 186 204
18 186 198
18 186 192
19 186 246
19 186 240
19 186 234
19 186 228
19 186 222
19 186 216
19 186 210
19 186 204
19 186 198
19 186 192
20 186 246
20 186 240
20 186 234
20 186 228
20 186 222
20 186 216
20 186 210
20 186 204
20 186 198
20 186 192
21 186 246
21 186 240
21 186 234
21 186 228
21 186 222
21 186 216
21 186 210
21 186 204
21 186 198
21 186 192
22 186 246
22 186 240
22 186 234
22 186 228
22 186 222
22 186 216
22 186 210
22 186 204
22 186 198
22 186 192
23 186 234
23 186 228
23 186 222
23 186 216
23 186 210
23 186 204
23 186 198
23 186 192
24 186 246
24 186 240
24 186 234
24 186 228
24 186 222
24 186 216
24 186 210
24 186 204
24 186 198
24 186 192
25 186 246
25 186 240
25 186 234
25 186 228
25 186 222
25 186 216
25 186 210
25 186 204
25 186 198
25 186 192
26 186 246
26 186 240
26 186 234
26 186 228
26 186 222
26 186 216
26 186 210
26 186 204
26 186 198
26 186 192
27 186 246
27 186 240
27 186 234
27 186 228
27 186 222
27 186 216
27 186 210
27 186 204
27 186 198
27 186 192
28 186 246
28 186 240
28 186 234
28 186 228
28 186 222
28 186 216
28 186 210
28 186 204
28 186 198
28 186 192
29 186 246
29 186 240
29 186 234
29 186 228
29 186 222
29 186 216
29 186 210
29 186 204
29 186 198
29 186 192
30 186 246
30 186 240
30 186 234
30 186 228
30 186 222
30 186 216
30 186 210
30 186 204
30 186 198
30 186 192
31 186 246
31 186 240
31 186 234
31 186 228
31 186 222
31 186 216
31 186 210
31 186 204
31 186 198
31 186 192
32 186 246
32 186 240
32 186 234
32 186 228
32 186 222
32 186 216
32 186 210
32 186 204
32 186 198
32 186 192
33 186 246
33 186 240
33 186 234
33 186 228
33 186 222
33 186 216
33 186 210
33 186 204
33 186 198
33 186 192
34 186 246
34 186 240
34 186 234
34 186 228
34 186 222
34 186 216
34 186 210
34 186 204
34 186 198
34 186 192
35 186 192
36 186 246
36 186 240
36 186 234
36 186 228
36 186 222
36 186 216
36 186 210
36 186 204
36 186 198
36 186 192
37 186 246
37 186 240
37 186 234
37 186 228
37 186 222
37 186 216
37 186 210
37 186 204
37 186 198
37 186 192
38 186 246
38 186 240
38 186 234
38 186 228
38 186 222
38 186 216
38 186 210
38 186 204
38 186 198
38 186 192
39 186 246
39 186 240
39 186 234
39 186 228
39 186 222
39 186 216
39 186 210
39 186 204
39 186 198
39 186 192
40 186 246
40 186 240
40 186 234
40 186 228
40 186 222
40 186 216
40 186 210
40 186 204
40 186 198
40 186 192
41 186 246
41 186 240
41 186 234
41 186 228
41 186 222
41 186 216
41 186 210
41 186 204
41 186 198
41 186 192
42 186 246
42 186 240
42 186 234
42 186 228
42 186 222
42 186 216
42 186 210
42 186 204
42 186 198
42 186 192
43 186 246
43 186 240
43 186 234
43 186 228
43 186 222
43 186 216
43 186 210
43 186 204
43 186 198
43 186 192
44 186 246
44 186 240
44 186 234
44 186 228
44 186 222
44 186 216
44 186 210
44 186 204
44 186 198
44 186 192
45 186 246
45 186 240
45 186 234
45 186 228
45 186 222
45 186 216
45 186 210
45 186 204
45 186 198
45 186 192
46 186 246
46 186 240
46 186 234
46 186 228
46 186 222
46 186 216
46 186 210
46 186 204
46 186 198
46 186 192
47 186 246
47 186 240
47 186 234
47 186 228
47 186 222
47 186 216
47 186 210
47 186 204
47 186 198
47 186 192
48 186 246
48 186 240
48 186 234
48 186 228
48 186 222
48 186 216
48 186 210
48 186 204
48 186 198
48 186 192
49 186 246
49 186 240
49 186 234
49 186 228
49 186 222
49 186 216
49 186 210
49 186 204
49 186 198
49 186 192
50 186 246
50 186 240
50 186 234
50 186 228
50 186 222
50 186 216
50 186 210
50 186 204
50 186 198
50 186 192
51 186 246
51 186 240
51 186 234
51 186 228
51 186 222
51 186 216
51 186 210
51 186 204
51 186 198
51 186 192
52 186 246
52 186 240
52 186 234
52 186 228
52 186 222
52 186 216
52 186 210
52 186 204
52 186 198
52 186 192
53 186 246
53 186 240
53 186 234
53 186 228
53 186 222
53 186 216
53 186 210
53 186 204
53 186 198
53 186 192
54 186 246
54 186 240
54 186 234
54 186 228
54 186 222
54 186 216
54 186 210
54 186 204
54 186 198
54 186 192
55 186 246
55 186 240
55 186 234
55 186 228
55 186 222
55 186 216
55 186 210
55 186 204
55 186 198
55 186 192
56 186 246
56 186 240
56 186 234
56 186 228
56 186 222
56 186 216
56 186 210
56 186 204
56 186 198
56 186 192
57 186 246
57 186 240
57 186 234
57 186 228
57 186 222
57 186 216
57 186 210
57 186 204
57 186 198
57 186 192
58 186 246
58 186 240
58 186 234
58 186 228
58 186 222
58 186 216
58 186 210
58 186 204
58 186 198
58 186 192
59 186 246
59 186 240
59 186 234
59 186 228
59 186 222
59 186 216
59 186 210
59 186 204
59 186 198
59 186 192
60 186 246
60 186 240
60 186 234
60 186 228
60 186 222
60 186 216
60 186 210
60 186 204
60 186 198
60 186 192
61 186 246
61 186 240
61 186 234
61 186 228
61 186 222
61 186 216
61 186 210
61 186 204
61 186 198
61 186 192
62 186 246
62 186 240
62 186 234
62 186 228
62 186 222
62 186 216
62 186 210
62 186 204
62 186 198
62 186 192
63 186 246
63 186 240
63 186 234
63 186 228
63 186 222
63 186 216
63 186 210
63 186 204
63 186 198
63 186 192
64 186 246
64 186 240
64 186 234
64 186 228
64 186 222
64 186 216
64 186 210
64 186 204
64 186 198
64 186 192
65 186 204
65 186 198
65 186 192
66 186 246
66 186 240
66 186 234
66 186 228
66 186 222
66 186 216
66 186 210
66 186 204
66 186 198
66 186 192
67 186 246
67 186 240
67 186 234
67 186 228
67 186 222
67 186 216
67 186 210
67 186 204
67 186 198
67 186 192
68 186 210
68 186 204
68 186 198
68 186 192
69 186 204
69 186 198
69 186 192
70 186 222
70 186 216
70 186 210
70 186 204
70 186 198
70 186 192
71 186 210
71 186 204
71 186 198
71 186 192
72 186 246
72 186 240
72 186 234
72 186 228
72 186 222
72 186 216
72 186 210
72 186 204
72 186 198
72 186 192
73 186 204
73 186 198
73 186 192
74 186 198
74 186 192
75 186 204
75 186 198
75 186 192
76 186 204
76 186 198
76 186 192
77 186 204
77 186 198
77 186 192
78 186 204
78 186 198
78 186 192
79 186 192
80 186 198
80 186 192
81 186 198
81 186 192
82 186 204
82 186 198
82 186 192
83 186 198
83 186 192
84 186 246
84 186 240
84 186 234
84 186 228
84 186 222
84 186 216
84 186 210
84 186 204
84 186 198
84 186 192
85 186 246
85 186 240
85 186 234
85 186 228
85 186 222
85 186 216
85 186 210
85 186 204
85 186 198
85 186 192
86 186 198
86 186 192
87 186 198
87 186 192
88 186 204
88 186 198
88 186 192
89 186 210
89 186 204
89 186 198
89 186 192
90 186 198
90 186 192
91 186 204
91 186 198
91 186 192
92 186 246
92 186 240
92 186 234
92 186 228
92 186 222
92 186 216
92 186 210
92 186 204
92 186 198
92 186 192
93 186 204
93 186 198
93 186 192
94 186 198
94 186 192
95 186 198
95 186 192
96 186 198
96 186 192
97 186 198
97 186 192
98 186 198
98 186 192
99 186 198
99 186 192
100 186 192
101 186 204
101 186 198
101 186 192
102 186 246
102 186 240
102 186 234
102 186 228
102 186 222
102 186 216
102 186 210
102 186 204
102 186 198
102 186 192
103 186 246
103 186 240
103 186 234
103 186 228
103 186 222
103 186 216
103 186 210
103 186 204
103 186 198
103 186 192
104 186 210
104 186 204
104 186 198
104 186 192
105 186 192
106 186 192
107 186 246
107 186 240
107 186 234
107 186 228
107 186 222
107 186 216
107 186 210
107 186 204
107 186 198
107 186 192
108 186 192
109 186 246
109 186 240
109 186 234
109 186 228
109 186 222
109 186 216
109 186 210
109 186 204
109 186 198
109 186 192
110 186 246
110 186 240
110 186 234
110 186 228
110 186 222
110 186 216
110 186 210
110 186 204
110 186 198
110 186 192
111 186 246
111 186 240
111 186 234
111 186 228
111 186 222
111 186 216
111 186 210
111 186 204
111 186 198
111 186 192
112 186 192
113 186 198
113 186 192
114 186 246
114 186 240
114 186 234
114 186 228
114 186 222
114 186 216
114 186 210
114 186 204
114 186 198
114 186 192
115 186 192
116 186 192
117 186 246
117 186 240
117 186 234
117 186 228
117 186 222
117 186 216
117 186 210
117 186 204
117 186 198
117 186 192
118 186 192
119 186 198
119 186 192
120 186 204
120 186 198
120 186 192
121 186 198
121 186 192
122 186 198
122 186 192
123 186 198
123 186 192
124 186 192
125 186 192
126 186 210
126 186 204
126 186 198
126 186 192
127 186 204
127 186 198
127 186 192
128 186 222
128 186 216
128 186 210
128 186 204
128 186 198
128 186 192
129 186 246
129 186 240
129 186 234
129 186 228
129 186 222
129 186 216
129 186 210
129 186 204
129 186 198
129 186 192
130 186 192
131 186 192
132 192 210
132 192 204
132 192 198
133 192 198
134 192 246
134 192 240
134 192 234
134 192 228
134 192 222
134 192 216
134 192 210
134 192 204
134 192 198
135 192 204
135 192 198
136 198 246
136 198 240
136 198 234
136 198 228
136 198 222
136 198 216
136 198 210
136 198 204
137 204 246
137 204 240
137 204 234
137 204 228
137 204 222
137 204 216
137 204 210
138 204 246
138 204 240
138 204 234
138 204 228
138 204 222
138 204 216
138 204 210
139 204 222
139 204 216
139 204 210
140 204 246
140 204 240
140 204 234
140 204 228
140 204 222
140 204 216
140 204 210
141 204 210
142 204 222
142 204 216
142 204 210
143 210 240
143 210 234
143 210 228
143 210 222
143 210 216
144 210 234
144 210 228
144 210 222
144 210 216
145 210 216
146 210 216
147 210 228
147 210 222
147 210 216
148 210 228
148 210 222
148 210 216
149 210 222
149 210 216
150 210 222
150 210 216
151 210 234
151 210 228
151 210 222
151 210 216
152 210 234
152 210 228
152 210 222
152 210 216
153 210 228
153 210 222
153 210 216
154 210 216
155 210 222
155 210 216
156 210 216
157 210 216
158 210 234
158 210 228
158 210 222
158 210 216
159 210 222
159 210 216
160 210 240
160 210 234
160 210 228
160 210 222
160 210 216
161 210 246
161 210 240
161 210 234
161 210 228
161 210 222
161 210 216
162 210 216
163 210 216
164 210 216
165 210 234
165 210 228
165 210 222
165 210 216
166 210 216
167 216 246
167 216 240
167 216 234
167 216 228
167 216 222
168 216 246
168 216 240
168 216 234
168 216 228
168 216 222
169 216 228
169 216 222
170 216 222
171 216 222
172 216 234
172 216 228
172 216 222
173 222 246
173 222 240
173 222 234
173 222 228
174 222 228
175 222 246
175 222 240
175 222 234
175 222 228
176 222 234
176 222 228
177 222 234
177 222 228
178 222 228
179 228 246
179 228 240
179 228 234
180 228 246
180 228 240
180 228 234
181 228 246
181 228 240
181 228 234
182 228 246
182 228 240
182 228 234
183 228 246
183 228 240
183 228 234
184 228 234
185 228 246
185 228 240
185 228 234
