9 225 279
9 225 279
9 225 261
9 225 261
9 225 237
9 225 237
9
10 225 279
10 225 261
10 225 261
10 225 237
10
11 225 279
11 225 261
11 225 261
11 225 237
11 225 237
11
12 225 279
12 225 261
12 225 237
13 237 267
13 237 279
13 237 279
13 237 261
13 237 261
13
14 237 267
14 237 267
14 237 279
14 237 279
14 237 261
15 237 267
15 237 267
15 237 279
15 237 279
15 237 261
15 237 261
15
16 237 267
16 237 279
16 237 261
17 237 267
17 237 279
17 237 261
18 237 267
18 237 267
18 237 279
18 237 279
18 237 261
18 237 261
18
19 261 273
19 261 273
19 261 267
19 261 267
19 261 279
19 261 279
19
20 261 273
20 261 267
20 261 267
20 261 279
20 261 279
20
21 261 273
21 261 273
21 261 267
21 261 267
21 261 279
21 261 279
22 261 273
22 261 267
22 261 279
23 261 273
23 261 267
23 261 267
23 261 279
23 261 279
24 261 273
24 261 273
24 261 267
24 261 267
24 261 279
24 261 279
25 261 273
25 261 273
25 261 267
25 261 267
25 261 279
25 261 279
25
26 261 273
26 261 267
26 261 279
26 261 279
27 255 279
27 255 279
27 273 279
27 273 279
27 267 279
27 267 279
27
28 243 273
28 249 273
28 255 273
29 243 273
29 249 273
29 255 273
30 243 273
30 243 273
30 249 273
30 249 273
30 255 273
30 255 273
31 243 273
31 243 273
31 249 273
31 249 273
31 255 273
31 255 273
31
32 243 273
32 243 273
32 249 273
32 249 273
32 255 273
33 231 255
33 243 255
33 243 255
33 249 255
33 249 255
33
34 231 255
34 243 255
34 243 255
34 249 255
34 249 255
35 219 249
35 219 249
35 231 249
35 231 249
35 243 249
35 243 249
35
36 219 249
36 219 249
36 231 249
36 231 249
36 243 249
36 243 249
36
37 219 249
37 219 249
37 231 249
37 231 249
37 243 249
37 243 249
37
38 219 249
38 219 249
38 231 249
38 231 249
38 243 249
38 243 249
38
39 219 249
39 219 249
39 231 249
39 231 249
39 243 249
39 243 249
39
40 219 249
40 219 249
40 231 249
40 231 249
40 243 249
77 225 267
77 225 279
77 225 279
77 225 261
77 225 237
77
78 225 267
78 225 267
78 225 279
78 225 279
78 225 261
78 225 261
78 225 237
78 225 237
78
79 237 273
79 237 273
79 237 267
79 237 267
79 237 279
79 237 279
79 237 261
79 237 261
79
80 237 273
80 237 273
80 237 267
80 237 279
80 237 261
80 237 261
80
81 255 261
81 261 273
81 261 273
81 261 267
81 261 267
81 261 279
81 261 279
81
82 243 267
82 249 267
82 255 267
82 267 273
82 267 273
82
83 231 273
83 243 273
83 249 273
83 255 273
84 231 273
84 231 273
84 243 273
84 243 273
84 249 273
84 249 273
84 255 273
84 255 273
84
85 219 255
85 219 255
85 231 255
85 231 255
85 243 255
85 243 255
85 249 255
85 249 255
85
86 219 255
86 231 255
86 231 255
86 243 255
86 243 255
86 249 255
86 249 255
86
87 219 255
87 219 255
87 231 255
87 231 255
87 243 255
87 243 255
87 249 255
87 249 255
87
88 219 255
88 219 255
88 231 255
88 231 255
88 243 255
88 249 255
89 219 255
89 219 255
89 231 255
89 231 255
89 243 255
89 243 255
89 249 255
89 249 255
89
90 219 255
90 219 255
90 231 255
90 231 255
90 243 255
90 243 255
90 249 255
90 249 255
90
91 225 273
91 225 273
91 225 267
91 225 267
91 225 279
91 225 279
91 225 261
91 225 261
91 225 237
91 225 237
91
92 225 273
92 225 273
92 225 267
92 225 267
92 225 279
92 225 279
92 225 261
92 225 261
92 225 237
92 225 237
92
93 225 273
93 225 273
93 225 267
93 225 267
93 225 279
93 225 279
93 225 261
93 225 261
93 225 237
93 225 237
93
94 225 273
94 225 273
94 225 267
94 225 267
94 225 279
94 225 279
94 225 261
94 225 261
94 225 237
94 225 237
95 225 273
95 225 273
95 225 267
95 225 267
95 225 279
95 225 279
95 225 261
95 225 261
95 225 237
95 225 237
95
96 237 255
96 237 255
96 237 273
96 237 273
96 237 267
96 237 267
96 237 279
96 237 279
96 237 261
96 237 261
96
97 231 267
97 243 267
97 249 267
97 255 267
97 267 273
97
98 231 267
98 243 267
98 249 267
98 255 267
98 255 267
98 267 273
98 267 273
98
99 219 273
99 219 273
99 231 273
99 231 273
99 243 273
99 243 273
99 249 273
99 249 273
99 255 273
99 255 273
99
100 225 255
100 225 255
100 225 273
100 225 273
100 225 267
100 225 267
100 225 279
100 225 279
100 225 261
100 225 261
100 225 237
100 225 237
101 225 255
101 225 273
101 225 267
101 225 279
101 225 261
101 225 261
101 225 237
101 225 237
102 225 255
102 225 255
102 225 273
102 225 273
102 225 267
102 225 267
102 225 279
102 225 279
102 225 261
102 225 261
102 225 237
102 225 237
102
103 225 255
103 225 273
103 225 273
103 225 267
103 225 267
103 225 279
103 225 279
103 225 261
103 225 261
103 225 237
103 225 237
103
104 237 249
104 237 255
104 237 273
104 237 273
104 237 267
104 237 267
104 237 279
104 237 279
104 237 261
104 237 261
104
105 237 249
105 237 255
105 237 255
105 237 273
105 237 273
105 237 267
105 237 267
105 237 279
105 237 279
105 237 261
105 237 261
105
106 225 249
106 225 249
106 225 255
106 225 255
106 225 273
106 225 273
106 225 267
106 225 267
106 225 279
106 225 279
106 225 261
106 225 261
106 225 237
106 225 237
106
107 237 243
107 237 249
107 237 255
107 237 273
107 237 267
107 237 279
107 237 279
107 237 261
107 237 261
107
108 237 243
108 237 249
108 237 255
108 237 273
108 237 267
108 237 279
108 237 279
108 237 261
108 237 261
108
109 231 261
109 243 261
109 249 261
109 255 261
109 255 261
109 261 273
109 261 273
109 261 267
109 261 267
109 261 279
109 261 279
110 231 261
110 243 261
110 249 261
110 255 261
110 255 261
110 261 273
110 261 273
110 261 267
110 261 267
110 261 279
110 261 279
110
111 219 279
111 231 279
111 231 279
111 243 279
111 243 279
111 249 279
111 249 279
111 255 279
111 255 279
111 273 279
111 273 279
111 267 279
111 267 279
111
112 225 243
112 225 243
112 225 249
112 225 249
112 225 255
112 225 255
112 225 273
112 225 273
112 225 267
112 225 267
112 225 279
112 225 279
112 225 261
112 225 261
112 225 237
112 225 237
112
113 225 243
113 225 243
113 225 249
113 225 249
113 225 255
113 225 255
113 225 273
113 225 273
113 225 267
113 225 267
113 225 279
113 225 279
113 225 261
113 225 261
113 225 237
113 225 237
113
114 225 243
114 225 243
114 225 249
114 225 249
114 225 255
114 225 255
114 225 273
114 225 273
114 225 267
114 225 267
114 225 279
114 225 279
114 225 261
114 225 261
114 225 237
114 225 237
114
115 225 243
115 225 243
115 225 249
115 225 249
115 225 255
115 225 255
115 225 273
115 225 273
115 225 267
115 225 267
115 225 279
115 225 279
115 225 261
115 225 261
115 225 237
115 225 237
115
116 225 243
116 225 249
116 225 255
116 225 273
116 225 267
116 225 279
116 225 279
116 225 261
116 225 261
116 225 237
116 225 237
116
117 231 237
117 237 243
117 237 243
117 237 249
117 237 249
117 237 255
117 237 255
117 237 273
117 237 273
117 237 267
117 237 267
117 237 279
117 237 279
117 237 261
117 237 261
117
118 231 237
118 237 243
118 237 243
118 237 249
118 237 249
118 237 255
118 237 255
118 237 273
118 237 273
118 237 267
118 237 267
118 237 279
118 237 279
118 237 261
118
119 231 237
119 237 243
119 237 243
119 237 249
119 237 249
119 237 255
119 237 273
119 237 273
119 237 267
119 237 267
119 237 279
119 237 279
119 237 261
119 237 261
120 231 237
120 231 237
120 237 243
120 237 243
120 237 249
120 237 249
120 237 255
120 237 255
120 237 273
120 237 273
120 237 267
120 237 267
120 237 279
120 237 279
120 237 261
120 237 261
120
121 231 237
121 237 243
121 237 249
121 237 255
121 237 255
121 237 273
121 237 273
121 237 267
121 237 267
121 237 279
121 237 279
121 237 261
121 237 261
121
122 231 237
122 237 243
122 237 243
122 237 249
122 237 255
122 237 255
122 237 273
122 237 273
122 237 267
122 237 267
122 237 279
122 237 279
122 237 261
122 237 261
123 225 231
123 225 231
123 225 243
123 225 243
123 225 249
123 225 249
123 225 255
123 225 255
123 225 273
123 225 273
123 225 267
123 225 267
123 225 279
123 225 279
123 225 261
123 225 261
123 225 237
123 225 237
123
124 225 231
124 225 231
124 225 243
124 225 243
124 225 249
124 225 249
124 225 255
124 225 255
124 225 273
124 225 273
124 225 267
124 225 267
124 225 279
124 225 279
124 225 261
124 225 261
124 225 237
124 225 237
124
125 225 231
125 225 243
125 225 243
125 225 249
125 225 249
125 225 255
125 225 273
125 225 267
125 225 267
125 225 279
125 225 279
125 225 261
125 225 261
125 225 237
125 225 237
125
126 225 231
126 225 243
126 225 243
126 225 249
126 225 249
126 225 255
126 225 273
126 225 267
126 225 267
126 225 279
126 225 279
126 225 261
126 225 261
126 225 237
126 225 237
126
127 225 231
127 225 231
127 225 243
127 225 243
127 225 249
127 225 249
127 225 255
127 225 255
127 225 273
127 225 267
127 225 267
127 225 279
127 225 279
127 225 261
127 225 261
127 225 237
127 225 237
127
128 225 231
128 225 243
128 225 249
128 225 255
128 225 273
128 225 273
128 225 267
128 225 267
128 225 279
128 225 279
128 225 261
128 225 261
128 225 237
128 225 237
128
129 225 231
129 225 243
129 225 243
129 225 249
129 225 249
129 225 255
129 225 255
129 225 273
129 225 273
129 225 267
129 225 267
129 225 279
129 225 279
129 225 261
129 225 261
129 225 237
129 225 237
130 225 231
130 225 243
130 225 243
130 225 249
130 225 255
130 225 255
130 225 273
130 225 273
130 225 267
130 225 267
130 225 279
130 225 279
130 225 261
130 225 237
131 219 237
131 231 237
131 231 237
131 237 243
131 237 243
131 237 249
131 237 249
131 237 255
131 237 255
131 237 273
131 237 273
131 237 267
131 237 267
131 237 279
131 237 279
131 237 261
131 237 261
131
132 219 237
132 219 237
132 231 237
132 231 237
132 237 243
132 237 243
132 237 249
132 237 249
132 237 255
132 237 255
132 237 273
132 237 273
132 237 267
132 237 267
132 237 279
132 237 279
132 237 261
132 237 261
132
133 219 237
133 231 237
133 231 237
133 237 243
133 237 243
133 237 249
133 237 249
133 237 255
133 237 255
133 237 273
133 237 273
133 237 267
133 237 267
133 237 279
133 237 279
133 237 261
133 237 261
133
134 219 237
134 219 237
134 231 237
134 231 237
134 237 243
134 237 243
134 237 249
134 237 249
134 237 255
134 237 255
134 237 273
134 237 273
134 237 267
134 237 267
134 237 279
134 237 279
134 237 261
134 237 261
134
135 219 225
135 219 225
135 225 231
135 225 231
135 225 243
135 225 243
135 225 249
135 225 249
135 225 255
135 225 255
135 225 273
135 225 273
135 225 267
135 225 267
135 225 279
135 225 279
135 225 261
135 225 261
135 225 237
135 225 237
135
136 219 225
136 219 225
136 225 231
136 225 231
136 225 243
136 225 243
136 225 249
136 225 249
136 225 255
136 225 255
136 225 273
136 225 273
136 225 267
136 225 267
136 225 279
136 225 279
136 225 261
136 225 261
136 225 237
136 225 237
136
137 219 225
137 219 225
137 225 231
137 225 231
137 225 243
137 225 243
137 225 249
137 225 249
137 225 255
137 225 255
137 225 273
137 225 273
137 225 267
137 225 267
137 225 279
137 225 279
137 225 261
137 225 261
137 225 237
137 225 237
137
138 219 225
138 219 225
138 225 231
138 225 231
138 225 243
138 225 243
138 225 249
138 225 249
138 225 255
138 225 255
138 225 273
138 225 273
138 225 267
138 225 267
138 225 279
138 225 279
138 225 261
138 225 261
138 225 237
138 225 237
138
139 219 225
139 219 225
139 225 231
139 225 231
139 225 243
139 225 243
139 225 249
139 225 249
139 225 255
139 225 255
139 225 273
139 225 273
139 225 267
139 225 267
139 225 279
139 225 279
139 225 261
139 225 261
139 225 237
139 225 237
139
140 219 225
140 219 225
140 225 231
140 225 231
140 225 243
140 225 243
140 225 249
140 225 249
140 225 255
140 225 255
140 225 273
140 225 273
140 225 267
140 225 267
140 225 279
140 225 279
140 225 261
140 225 261
140 225 237
140 225 237
140
141 219 225
141 219 225
141 225 231
141 225 231
141 225 243
141 225 243
141 225 249
141 225 249
141 225 255
141 225 255
141 225 273
141 225 273
141 225 267
141 225 267
141 225 279
141 225 279
141 225 261
141 225 261
141 225 237
141 225 237
141
142 219 225
142 219 225
142 225 231
142 225 231
142 225 243
142 225 243
142 225 249
142 225 249
142 225 255
142 225 255
142 225 273
142 225 273
142 225 267
142 225 267
142 225 279
142 225 279
142 225 261
142 225 261
142 225 237
142 225 237
142
143 219 225
143 219 225
143 225 231
143 225 231
143 225 243
143 225 243
143 225 249
143 225 249
143 225 255
143 225 255
143 225 273
143 225 273
143 225 267
143 225 267
143 225 279
143 225 279
143 225 261
143 225 261
143 225 237
143 225 237
143
144 219 225
144 225 231
144 225 231
144 225 243
144 225 243
144 225 249
144 225 249
144 225 255
144 225 255
144 225 273
144 225 273
144 225 267
144 225 267
144 225 279
144 225 279
144 225 261
144 225 261
144 225 237
144 225 237
144
145 219 225
145 225 231
145 225 243
145 225 243
145 225 249
145 225 249
145 225 255
145 225 255
145 225 273
145 225 273
145 225 267
145 225 267
145 225 279
145 225 279
145 225 261
145 225 261
145 225 237
145 225 237
145
146 219 225
146 219 225
146 225 231
146 225 231
146 225 243
146 225 243
146 225 249
146 225 249
146 225 255
146 225 255
146 225 273
146 225 273
146 225 267
146 225 267
146 225 279
146 225 279
146 225 261
146 225 261
146 225 237
146 225 237
146
147 219 225
147 219 225
147 225 231
147 225 231
147 225 243
147 225 243
147 225 249
147 225 249
147 225 255
147 225 255
147 225 273
147 225 273
147 225 267
147 225 267
147 225 279
147 225 279
147 225 261
147 225 261
147 225 237
147 225 237
148 219 225
148 219 225
148 225 231
148 225 231
148 225 243
148 225 243
148 225 249
148 225 249
148 225 255
148 225 255
148 225 273
148 225 273
148 225 267
148 225 267
148 225 279
148 225 279
148 225 261
148 225 261
148 225 237
148 225 237
148
149 219 225
149 219 225
149 225 231
149 225 231
149 225 243
149 225 243
149 225 249
149 225 249
149 225 255
149 225 255
149 225 273
149 225 273
149 225 267
149 225 267
149 225 279
149 225 279
149 225 261
149 225 261
149 225 237
149 225 237
149
150 219 225
150 219 225
150 225 231
150 225 231
150 225 243
150 225 243
150 225 249
150 225 249
150 225 255
150 225 255
150 225 273
150 225 273
150 225 267
150 225 267
150 225 279
150 225 279
150 225 261
150 225 261
150 225 237
150 225 237
150
151 219 225
151 219 225
151 225 231
151 225 231
151 225 243
151 225 243
151 225 249
151 225 249
151 225 255
151 225 255
151 225 273
151 225 273
151 225 267
151 225 267
151 225 279
151 225 279
151 225 261
151 225 261
151 225 237
151 225 237
151
152 219 225
152 219 225
152 225 231
152 225 231
152 225 243
152 225 243
152 225 249
152 225 249
152 225 255
152 225 255
152 225 273
152 225 273
152 225 267
152 225 267
152 225 279
152 225 279
152 225 261
152 225 261
152 225 237
152 225 237
152
153 219 225
153 225 231
153 225 231
153 225 243
153 225 243
153 225 249
153 225 249
153 225 255
153 225 255
153 225 273
153 225 273
153 225 267
153 225 267
153 225 279
153 225 279
153 225 261
153 225 261
153 225 237
153 225 237
153
154 219 225
154 219 225
154 225 231
154 225 231
154 225 243
154 225 249
154 225 255
154 225 255
154 225 273
154 225 273
154 225 267
154 225 267
154 225 279
154 225 279
154 225 261
154 225 261
154 225 237
154 225 237
154
155 219 225
155 219 225
155 225 231
155 225 231
155 225 243
155 225 243
155 225 249
155 225 249
155 225 255
155 225 255
155 225 273
155 225 273
155 225 267
155 225 267
155 225 279
155 225 279
155 225 261
155 225 261
155 225 237
155 225 237
155
156 219 225
156 219 225
156 225 231
156 225 231
156 225 243
156 225 243
156 225 249
156 225 249
156 225 255
156 225 255
156 225 273
156 225 273
156 225 267
156 225 267
156 225 279
156 225 279
156 225 261
156 225 261
156 225 237
156 225 237
156
157 219 225
157 219 225
157 225 231
157 225 231
157 225 243
157 225 243
157 225 249
157 225 249
157 225 255
157 225 255
157 225 273
157 225 273
157 225 267
157 225 267
157 225 279
157 225 279
157 225 261
157 225 261
157 225 237
157 225 237
157
158 219 225
158 219 225
158 225 231
158 225 231
158 225 243
158 225 243
158 225 249
158 225 249
158 225 255
158 225 255
158 225 273
158 225 273
158 225 267
158 225 267
158 225 279
158 225 279
158 225 261
158 225 261
158 225 237
158 225 237
158
159 219 225
159 219 225
159 225 231
159 225 231
159 225 243
159 225 243
159 225 249
159 225 249
159 225 255
159 225 255
159 225 273
159 225 273
159 225 267
159 225 267
159 225 279
159 225 279
159 225 261
159 225 261
159 225 237
159 225 237
159
160 219 225
160 219 225
160 225 231
160 225 231
160 225 243
160 225 243
160 225 249
160 225 249
160 225 255
160 225 255
160 225 273
160 225 273
160 225 267
160 225 267
160 225 279
160 225 279
160 225 261
160 225 261
160 225 237
160 225 237
160
161 219 225
161 219 225
161 225 231
161 225 231
161 225 243
161 225 243
161 225 249
161 225 249
161 225 255
161 225 255
161 225 273
161 225 273
161 225 267
161 225 267
161 225 279
161 225 279
161 225 261
161 225 261
161 225 237
161 225 237
161
162 219 225
162 225 231
162 225 231
162 225 243
162 225 243
162 225 249
162 225 249
162 225 255
162 225 255
162 225 273
162 225 273
162 225 267
162 225 267
162 225 279
162 225 279
162 225 261
162 225 261
162 225 237
162 225 237
163 219 225
163 225 231
163 225 243
163 225 249
163 225 255
163 225 255
163 225 273
163 225 273
163 225 267
163 225 267
163 225 279
163 225 279
163 225 261
163 225 261
163 225 237
163 225 237
164 219 225
164 219 225
164 225 231
164 225 231
164 225 243
164 225 243
164 225 249
164 225 249
164 225 255
164 225 255
164 225 273
164 225 273
164 225 267
164 225 267
164 225 279
164 225 279
164 225 261
164 225 261
164 225 237
164 225 237
164
