0 179 233
0 179 227
0 179 221
0 179 215
0 179 209
0 179 203
0 179 197
0 179 191
0 179 185
1 179 239
1 179 233
1 179 227
1 179 221
1 179 215
1 179 209
1 179 203
1 179 197
1 179 191
1 179 185
2 179 239
2 179 233
2 179 227
2 179 221
2 179 215
2 179 209
2 179 203
2 179 197
2 179 191
2 179 185
3 179 239
3 179 233
3 179 227
3 179 221
3 179 215
3 179 209
3 179 203
3 179 197
3 179 191
3 179 185
4 179 239
4 179 233
4 179 227
4 179 221
4 179 215
4 179 209
4 179 203
4 179 197
4 179 191
4 179 185
5 179 239
5 179 233
5 179 227
5 179 221
5 179 215
5 179 209
5 179 203
5 179 197
5 179 191
5 179 185
6 179 185
7 179 239
7 179 233
7 179 227
7 179 221
7 179 215
7 179 209
7 179 203
7 179 197
7 179 191
7 179 185
8 179 239
8 179 233
8 179 227
8 179 221
8 179 215
8 179 209
8 179 203
8 179 197
8 179 191
8 179 185
9 179 239
9 179 233
9 179 227
9 179 221
9 179 215
9 179 209
9 179 203
9 179 197
9 179 191
9 179 185
10 179 239
10 179 233
10 179 227
10 179 221
10 179 215
10 179 209
10 179 203
10 179 197
10 179 191
10 179 185
11 179 239
11 179 233
11 179 227
11 179 221
11 179 215
11 179 209
11 179 203
11 179 197
11 179 191
11 179 185
12 179 239
12 179 233
12 179 227
12 179 221
12 179 215
12 179 209
12 179 203
12 179 197
12 179 191
12 179 185
13 179 239
13 179 233
13 179 227
13 179 221
13 179 215
13 179 209
13 179 203
13 179 197
13 179 191
13 179 185
14 179 239
14 179 233
14 179 227
14 179 221
14 179 215
14 179 209
14 179 203
14 179 197
14 179 191
14 179 185
15 179 239
15 179 233
15 179 227
15 179 221
15 179 215
15 179 209
15 179 203
15 179 197
15 179 191
15 179 185
16 179 239
16 179 233
16 179 227
16 179 221
16 179 215
16 179 209
16 179 203
16 179 197
16 179 191
16 179 185
17 179 239
17 179 233
17 179 227
17 179 221
17 179 215
17 179 209
17 179 203
17 179 197
17 179 191
17 179 185
18 179 239
18 179 233
18 179 227
18 179 221
18 179 215
18 179 209
18 179 203
18 179 197
18 179 191
18 179 185
19 179 239
19 179 233
19 179 227
19 179 221
19 179 215
19 179 209
19 179 203
19 179 197
19 179 191
19 179 185
20 179 191
20 179 185
21 179 197
21 179 191
21 179 185
22 179 191
22 179 185
23 179 239
23 179 233
23 179 227
23 179 221
23 179 215
23 179 209
23 179 203
23 179 197
23 179 191
23 179 185
24 179 239
24 179 233
24 179 227
24 179 221
24 179 215
24 179 209
24 179 203
24 179 197
24 179 191
24 179 185
25 179 185
26 179 185
27 179 227
27 179 221
27 179 215
27 179 209
27 179 203
27 179 197
27 179 191
27 179 185
28 179 239
28 179 233
28 179 227
28 179 221
28 179 215
28 179 209
28 179 203
28 179 197
28 179 191
28 179 185
29 179 239
29 179 233
29 179 227
29 179 221
29 179 215
29 179 209
29 179 203
29 179 197
29 179 191
29 179 185
30 179 185
31 179 209
31 179 203
31 179 197
31 179 191
31 179 185
32 179 239
32 179 233
32 179 227
32 179 221
32 179 215
32 179 209
32 179 203
32 179 197
32 179 191
32 179 185
33 179 239
33 179 233
33 179 227
33 179 221
33 179 215
33 179 209
33 179 203
33 179 197
33 179 191
33 179 185
34 179 239
34 179 233
34 179 227
34 179 221
34 179 215
34 179 209
34 179 203
34 179 197
34 179 191
34 179 185
35 179 185
36 179 239
36 179 233
36 179 227
36 179 221
36 179 215
36 179 209
36 179 203
36 179 197
36 179 191
36 179 185
37 179 203
37 179 197
37 179 191
37 179 185
38 179 239
38 179 233
38 179 227
38 179 221
38 179 215
38 179 209
38 179 203
38 179 197
38 179 191
38 179 185
39 179 239
39 179 233
39 179 227
39 179 221
39 179 215
39 179 209
39 179 203
39 179 197
39 179 191
39 179 185
40 179 203
40 179 197
40 179 191
40 179 185
41 179 239
41 179 233
41 179 227
41 179 221
41 179 215
41 179 209
41 179 203
41 179 197
41 179 191
41 179 185
42 179 239
42 179 233
42 179 227
42 179 221
42 179 215
42 179 209
42 179 203
42 179 197
42 179 191
42 179 185
43 179 239
43 179 233
43 179 227
43 179 221
43 179 215
43 179 209
43 179 203
43 179 197
43 179 191
43 179 185
44 179 185
45 179 239
45 179 233
45 179 227
45 179 221
45 179 215
45 179 209
45 179 203
45 179 197
45 179 191
45 179 185
46 179 239
46 179 233
46 179 227
46 179 221
46 179 215
46 179 209
46 179 203
46 179 197
46 179 191
46 179 185
47 179 197
47 179 191
47 179 185
48 179 185
49 179 191
49 179 185
50 179 185
51 179 185
52 179 185
53 179 239
53 179 233
53 179 227
53 179 221
53 179 215
53 179 209
53 179 203
53 179 197
53 179 191
53 179 185
54 179 185
55 179 185
56 179 197
56 179 191
56 179 185
57 179 185
58 179 185
59 179 185
60 179 185
61 179 185
62 179 185
63 179 185
64 185 191
65 185 239
65 185 233
65 185 227
65 185 221
65 185 215
65 185 209
65 185 203
65 185 197
65 185 191
66 185 191
67 185 239
67 185 233
67 185 227
67 185 221
67 185 215
67 185 209
67 185 203
67 185 197
67 185 191
68 185 239
68 185 233
68 185 227
68 185 221
68 185 215
68 185 209
68 185 203
68 185 197
68 185 191
69 191 239
69 191 233
69 191 227
69 191 221
69 191 215
69 191 209
69 191 203
69 191 197
70 191 197
71 191 239
71 191 233
71 191 227
71 191 221
71 191 215
71 191 209
71 191 203
71 191 197
72 191 239
72 191 233
72 191 227
72 191 221
72 191 215
72 191 209
72 191 203
72 191 197
73 191 209
73 191 203
73 191 197
74 191 209
74 191 203
74 191 197
75 191 239
75 191 233
75 191 227
75 191 221
75 191 215
75 191 209
75 191 203
75 191 197
76 197 203
77 197 203
78 197 209
78 197 203
79 197 215
79 197 209
79 197 203
80 197 209
80 197 203
81 197 239
81 197 233
81 197 227
81 197 221
81 197 215
81 197 209
81 197 203
82 197 239
82 197 233
82 197 227
82 197 221
82 197 215
82 197 209
82 197 203
83 197 239
83 197 233
83 197 227
83 197 221
83 197 215
83 197 209
83 197 203
84 197 215
84 197 209
84 197 203
85 197 203
86 197 227
86 197 221
86 197 215
86 197 209
86 197 203
87 197 203
88 197 239
88 197 233
88 197 227
88 197 221
88 197 215
88 197 209
88 197 203
89 197 227
89 197 221
89 197 215
89 197 209
89 197 203
90 197 239
90 197 233
90 197 227
90 197 221
90 197 215
90 197 209
90 197 203
91 197 239
91 197 233
91 197 227
91 197 221
91 197 215
91 197 209
91 197 203
92 197 239
92 197 233
92 197 227
92 197 221
92 197 215
92 197 209
92 197 203
93 197 239
93 197 233
93 197 227
93 197 221
93 197 215
93 197 209
93 197 203
94 197 239
94 197 233
94 197 227
94 197 221
94 197 215
94 197 209
94 197 203
95 197 221
95 197 215
95 197 209
95 197 203
96 197 239
96 197 233
96 197 227
96 197 221
96 197 215
96 197 209
96 197 203
97 197 203
98 197 239
98 197 233
98 197 227
98 197 221
98 197 215
98 197 209
98 197 203
99 197 239
99 197 233
99 197 227
99 197 221
99 197 215
99 197 209
99 197 203
100 197 209
100 197 203
101 197 215
101 197 209
101 197 203
102 197 215
102 197 209
102 197 203
103 197 203
104 197 239
104 197 233
104 197 227
104 197 221
104 197 215
104 197 209
104 197 203
105 197 215
105 197 209
105 197 203
106 197 239
106 197 233
106 197 227
106 197 221
106 197 215
106 197 209
106 197 203
107 197 215
107 197 209
107 197 203
108 197 221
108 197 215
108 197 209
108 197 203
109 197 215
109 197 209
109 197 203
110 203 239
110 203 233
110 203 227
110 203 221
110 203 215
110 203 209
111 203 221
111 203 215
111 203 209
112 203 215
112 203 209
113 203 239
113 203 233
113 203 227
113 203 221
113 203 215
113 203 209
114 203 233
114 203 227
114 203 221
114 203 215
114 203 209
115 203 227
115 203 221
115 203 215
115 203 209
116 203 221
116 203 215
116 203 209
117 203 215
117 203 209
118 203 239
118 203 233
118 203 227
118 203 221
118 203 215
118 203 209
119 203 227
119 203 221
119 203 215
119 203 209
120 203 239
120 203 233
120 203 227
120 203 221
120 203 215
120 203 209
121 203 209
122 203 239
122 203 233
122 203 227
122 203 221
122 203 215
122 203 209
123 203 209
124 203 233
124 203 227
124 203 221
124 203 215
124 203 209
125 203 239
125 203 233
125 203 227
125 203 221
125 203 215
125 203 209
126 203 221
126 203 215
126 203 209
127 203 239
127 203 233
127 203 227
127 203 221
127 203 215
127 203 209
128 203 239
128 203 233
128 203 227
128 203 221
128 203 215
128 203 209
129 203 215
129 203 209
130 209 221
130 209 215
131 209 239
131 209 233
131 209 227
131 209 221
131 209 215
132 209 233
132 209 227
132 209 221
132 209 215
133 209 233
133 209 227
133 209 221
133 209 215
134 209 221
134 209 215
135 209 215
136 209 239
136 209 233
136 209 227
136 209 221
136 209 215
137 209 239
137 209 233
137 209 227
137 209 221
137 209 215
138 209 215
139 209 215
140 209 239
140 209 233
140 209 227
140 209 221
140 209 215
141 209 239
141 209 233
141 209 227
141 209 221
141 209 215
142 209 239
142 209 233
142 209 227
142 209 221
142 209 215
143 209 215
144 209 221
144 209 215
145 209 215
146 215 239
146 215 233
146 215 227
146 215 221
147 215 239
147 215 233
147 215 227
147 215 221
148 215 239
148 215 233
148 215 227
148 215 221
149 215 233
149 215 227
149 215 221
150 215 239
150 215 233
150 215 227
150 215 221
151 215 221
152 221 233
152 221 227
153 221 239
153 221 233
153 221 227
154 221 239
154 221 233
154 221 227
155 221 239
155 221 233
155 221 227
156 221 239
156 221 233
156 221 227
157 221 227
158 221 239
158 221 233
158 221 227
159 221 239
159 221 233
159 221 227
160 221 239
160 221 233
160 221 227
161 221 227
162 221 239
162 221 233
162 221 227
163 221 239
163 221 233
163 221 227
164 221 239
164 221 233
164 221 227
165 221 239
165 221 233
165 221 227
166 221 239
166 221 233
166 221 227
167 221 227
168 221 239
168 221 233
168 221 227
169 221 227
170 221 239
170 221 233
170 221 227
171 221 239
171 221 233
171 221 227
172 221 239
172 221 233
172 221 227
173 221 239
173 221 233
173 221 227
174 221 239
174 221 233
174 221 227
175 221 233
175 221 227
176 221 239
176 221 233
176 221 227
177 221 239
177 221 233
177 221 227
178 221 227
